wavelength	dark	baseline
198.91391	3509.12	3516.1
199.38441409499546	2577.58	2584.64
199.85488980008793	2738.1	2744.42
200.3253371154363	2705.18	2711.74
200.79575604119955	2734.36	2820.5
201.26614657753663	2733.28	3012.36
201.7365087246065	2739.02	4356.74
202.20684248256813	2737.26	9181.0
202.67714785158046	2735.5	12135.44
203.14742483180245	2735.98	12239.88
203.61767342339306	2733.56	12157.2
204.0878936265113	2735.6	12185.7
204.55808544131605	2731.84	12246.82
205.02824886796625	2731.6	12353.94
205.49838390662097	2730.62	12490.14
205.9684905574391	2734.26	12654.14
206.4385688205796	2730.14	12813.34
206.90861869620147	2731.38	12970.7
207.3786401844636	2730.78	13132.68
207.84863328552498	2735.04	13320.16
208.31859799954458	2732.42	13486.72
208.78853432668134	2738.96	13686.02
209.25844226709424	2737.6	13898.8
209.72832182094223	2737.28	14090.52
210.19817298838424	2736.5	14250.92
210.66799576957928	2737.54	14378.78
211.13779016468627	2734.76	14559.12
211.60755617386417	2737.6	14725.12
212.07729379727198	2734.62	14877.74
212.5470030350686	2731.18	15062.3
213.01668388741302	2733.76	15221.44
213.4863363544642	2732.1	15429.7
213.95596043638108	2738.48	15608.58
214.42555613332266	2735.86	15786.44
214.8951234454478	2736.4	16033.48
215.36466237291557	2736.56	16238.58
215.83417291588492	2740.76	16466.64
216.30365507451472	2737.52	16688.42
216.77310884896397	2738.74	16931.8
217.24253423939172	2736.08	17166.02
217.71193124595678	2738.44	17416.4
218.1812998688182	2737.92	17684.5
218.65064010813492	2738.8	17969.82
219.1199519640659	2735.9	18260.68
219.58923543677008	2736.26	18549.72
220.05849052640644	2736.7	18836.58
220.52771723313393	2733.96	19154.16
220.99691555711152	2737.0	19519.12
221.46608549849813	2738.78	19865.34
221.93522705745278	2743.64	20225.4
222.40434023413437	2741.76	20585.9
222.8734250287019	2739.1	21012.64
223.34248144131428	2741.62	21385.1
223.81150947213052	2739.66	21819.46
224.28050912130956	2738.24	22237.04
224.74948038901036	2739.88	22734.06
225.21842327539184	2739.5	23144.72
225.68733778061303	2739.0	23558.42
226.15622390483284	2740.56	23976.44
226.62508164821026	2736.56	24394.4
227.0939110109042	2738.28	24854.24
227.56271199307366	2741.72	25354.18
228.03148459487758	2742.92	25817.16
228.5002288164749	2738.74	26339.66
228.96894465802464	2739.0	26848.1
229.4376321196857	2743.72	27368.14
229.90629120161705	2739.16	27878.86
230.37492190397768	2741.98	28327.98
230.84352422692655	2739.44	28764.12
231.31209817062256	2738.76	29231.68
231.78064373522471	2738.08	29747.18
232.24916092089194	2740.22	30207.02
232.71764972778323	2738.52	30675.92
233.18611015605757	2738.62	31127.32
233.6545422058738	2734.24	31487.56
234.122945877391	2741.6	31867.82
234.59132117076808	2740.8	32292.76
235.059668086164	2738.34	32675.52
235.52798662373772	2737.72	33001.5
235.99627678364817	2741.62	33321.8
236.4645385660544	2738.9	33592.0
236.93277197111524	2738.9	33783.52
237.40097699898976	2742.88	34012.56
237.86915364983687	2742.08	34192.82
238.33730192381555	2740.4	34431.82
238.80542182108468	2735.94	34597.68
239.27351334180332	2739.16	34770.68
239.74157648613038	2741.82	34945.52
240.20961125422477	2737.58	35066.72
240.6776176462456	2737.16	35142.08
241.14559566235164	2735.44	35225.58
241.61354530270202	2738.16	35282.26
242.08146656745555	2738.06	35328.56
242.5493594567713	2740.1	35323.12
243.01722397080817	2740.74	35306.66
243.48506010972517	2739.56	35326.22
243.95286787368119	2738.36	35290.5
244.42064726283522	2740.08	35285.22
244.88839827734623	2739.8	35275.18
245.35612091737318	2739.04	35254.8
245.823815183075	2740.24	35275.2
246.29148107461066	2738.32	35195.76
246.75911859213912	2737.88	35117.94
247.22672773581934	2743.7	35032.18
247.69430850581028	2739.86	34906.08
248.16186090227094	2739.62	34846.18
248.62938492536023	2738.34	34731.56
249.0968805752371	2741.58	34608.9
249.56434785206048	2735.08	34544.78
250.0317867559894	2738.16	34372.76
250.49919728718282	2737.24	34234.1
250.96657944579965	2741.98	34105.0
251.43393323199888	2739.68	33990.2
251.9012586459394	2737.36	33886.96
252.36855568778032	2738.78	33786.3
252.8358243576804	2737.78	33638.96
253.3030646557988	2743.02	33490.62
253.77027658229431	2740.24	33356.16
254.237460137326	2735.72	33182.7
254.70461532105276	2737.42	33026.06
255.17174213363356	2734.78	32904.1
255.63884057522742	2743.66	32774.0
256.1059106459933	2741.4	32575.3
256.57295234609	2735.62	32390.22
257.0399656756766	2741.14	32254.28
257.50695063491213	2737.22	32083.12
257.97390722395534	2739.58	31936.7
258.44083544296547	2742.82	31723.24
258.9077352921013	2738.02	31553.52
259.37460677152166	2737.82	31414.4
259.84144988138576	2741.06	31267.38
260.30826462185246	2739.14	31123.46
260.7750509930807	2741.08	30902.22
261.2418089952295	2740.98	30681.98
261.7085386284577	2741.48	30435.8
262.17523989292437	2739.48	30278.8
262.64191278878843	2737.62	29994.52
263.1085573162089	2741.34	29560.76
263.57517347534457	2736.4	29288.96
264.04176126635457	2736.98	29433.34
264.50832068939775	2739.56	29425.82
264.9748517446332	2733.38	29322.48
265.4413544322197	2737.92	29226.96
265.9078287523164	2742.06	29102.6
266.37427470508203	2737.4	28981.24
266.84069229067575	2738.02	28793.9
267.3070815092564	2741.4	28670.04
267.77344236098304	2737.14	28505.1
268.23977484601454	2737.1	28384.04
268.70607896450997	2740.02	28297.36
269.1723547166281	2739.96	28205.94
269.63860210252807	2740.16	28072.84
270.1048211223687	2736.32	27941.22
270.5710117763091	2738.74	27827.14
271.03717406450806	2740.36	27752.14
271.5033079871246	2740.14	27666.7
271.9694135443178	2741.34	27560.9
272.4354907362465	2741.86	27508.88
272.9015395630696	2740.44	27486.48
273.36756002494616	2738.16	27487.14
273.8335521220352	2741.58	27485.08
274.2995158544955	2737.76	27449.28
274.76545122248615	2738.36	27412.42
275.23135822616604	2739.54	27380.0
275.6972368656942	2740.34	27401.16
276.1630871412295	2737.02	27300.12
276.628909052931	2740.72	27200.72
277.0947026009576	2738.22	27050.8
277.5604677854682	2739.52	26872.46
278.02620460662183	2740.64	26661.54
278.4919130645775	2742.2	26439.42
278.95759315949397	2739.6	26142.6
279.4232448915305	2742.72	25930.84
279.8888682608458	2741.84	25848.36
280.35446326759893	2739.14	25709.3
280.82002991194884	2737.54	26048.94
281.2855681940544	2739.38	27080.02
281.75107811407474	2742.84	27907.8
282.2165596721688	2738.7	28089.64
282.68201286849524	2740.72	28134.02
283.14743770321337	2738.08	28259.3
283.612834176482	2744.0	28390.66
284.0782022884602	2738.56	28502.38
284.5435420393067	2739.34	28661.42
285.00885342918065	2737.22	28803.74
285.474136458241	2739.72	28852.7
285.93939112664657	2739.58	28952.78
286.4046174345565	2738.2	29052.34
286.8698153821296	2740.02	29137.08
287.33498496952495	2740.22	29253.58
287.8001261969014	2738.48	29370.42
288.26523906441804	2740.28	29482.94
288.7303235722336	2740.12	29586.14
289.1953797205073	2741.54	29659.8
289.6604075093979	2738.06	29769.54
290.1254069390645	2735.38	29845.46
290.5903780096659	2738.8	29970.02
291.0553207213613	2738.88	30054.3
291.52023507430937	2742.96	30147.72
291.98512106866934	2740.04	30206.14
292.44997870459997	2738.7	30313.56
292.9148079822603	2737.16	30409.82
293.3796089018093	2738.84	30504.6
293.84438146340597	2737.34	30589.16
294.3091256672091	2743.86	30670.18
294.7738415133777	2741.46	30731.56
295.23852900207095	2736.4	30803.02
295.70318813344755	2737.42	30848.18
296.1678189076665	2739.74	30903.3
296.6324213248868	2738.56	30929.7
297.0969953852676	2737.32	31001.9
297.56154108896754	2740.72	30987.3
298.0260584361457	2738.8	31026.4
298.49054742696103	2739.66	31107.04
298.9550080615726	2738.0	31130.06
299.4194403401392	2738.9	31162.06
299.88384426281993	2741.22	31170.1
300.34821982977365	2739.78	31140.18
300.8125670411594	2738.84	31149.14
301.276885897136	2736.02	31114.14
301.7411763978626	2738.56	31109.02
302.205438543498	2739.68	31085.9
302.6696723342012	2738.86	31074.44
303.1338777701312	2740.24	31067.2
303.598054851447	2741.42	31029.76
304.0622035783074	2740.6	30954.08
304.5263239508714	2737.44	30934.92
304.9904159692982	2734.78	30936.02
305.4544796337465	2735.88	30919.72
305.91851494437526	2736.74	30867.14
306.38252190134347	2735.84	30817.44
306.8465005048102	2739.16	30755.98
307.3104507549344	2742.0	30692.82
307.77437265187484	2741.64	30618.14
308.2382661957906	2734.96	30564.22
308.70213138684073	2742.6	30560.1
309.16596822518403	2738.4	30479.38
309.6297767109795	2745.48	30413.12
310.09355684438617	2738.02	30342.64
310.55730862556294	2736.4	30265.3
311.0210320546688	2738.54	30182.88
311.48472713186266	2737.36	30109.76
311.94839385730353	2740.06	30046.76
312.4120322311503	2737.32	29972.38
312.87564225356203	2737.72	29908.84
313.3392239246976	2738.58	29759.7
313.80277724471597	2739.2	29682.28
314.2663022137761	2736.48	29571.22
314.729798832037	2741.4	29500.6
315.19326709965765	2739.66	29403.9
315.6567070167969	2741.24	29288.26
316.1201185836137	2742.04	29198.58
316.5835018002672	2738.28	29076.7
317.0468566669162	2739.88	29020.18
317.5101831837196	2738.68	28927.92
317.97348135083644	2735.52	28854.44
318.43675116842576	2738.72	28725.68
318.89999263664646	2737.96	28595.14
319.3632057556574	2738.96	28497.1
319.8263905256176	2739.06	28418.12
320.2895469466862	2737.18	28335.32
320.7526750190219	2737.44	28220.68
321.21577474278376	2738.32	28110.46
321.6788461181307	2737.44	28044.72
322.1418891452218	2738.38	27858.46
322.6049038242158	2743.82	27747.62
323.0678901552719	2735.74	27664.74
323.5308481385489	2740.9	27564.16
323.99377777420585	2738.36	27439.04
324.45667906240163	2739.74	27348.96
324.9195520032952	2742.7	27261.84
325.3823965970456	2738.26	27206.58
325.84521284381174	2738.76	27201.42
326.3080007437526	2738.22	27108.02
326.77076029702704	2737.78	26979.76
327.23349150379414	2740.02	26886.18
327.6961943642128	2736.72	26778.96
328.15886887844204	2740.36	26703.62
328.6215150466407	2735.28	26561.7
329.0841328689678	2740.9	26455.0
329.54672234558234	2737.98	26311.6
330.0092834766433	2737.32	26253.96
330.4718162623096	2738.78	26171.1
330.9343207027401	2738.22	26163.58
331.39679679809376	2739.42	26045.76
331.8592445485298	2738.88	25890.38
332.32166395420694	2735.28	25760.36
332.78405501528414	2739.52	25682.26
333.2464177319205	2740.1	25592.62
333.7087521042748	2738.36	25515.58
334.1710581325062	2741.16	25400.08
334.63333581677347	2740.0	25306.1
335.09558515723563	2740.82	25225.74
335.5578061540517	2737.22	25137.3
336.01999880738066	2741.14	25077.42
336.48216311738133	2742.64	24977.96
336.94429908421273	2738.2	24900.24
337.4064067080338	2740.76	24782.5
337.8684859890036	2740.64	24705.9
338.33053692728106	2739.48	24587.2
338.792559523025	2743.08	24521.9
339.25455377639446	2741.6	24458.74
339.7165196875485	2739.8	24368.46
340.17845725664597	2740.06	24262.14
340.6403664838458	2743.74	24224.02
341.102247369307	2734.72	24176.72
341.5640999131886	2741.1	24118.46
342.0259241156495	2741.12	24001.7
342.48771997684855	2740.0	23843.98
342.94948749694487	2741.18	23771.34
343.41122667609733	2741.7	23654.06
343.8729375144649	2737.86	23548.7
344.3346200122066	2739.52	23456.54
344.7962741694812	2739.22	23345.74
345.2578999864479	2746.04	23257.24
345.7194974632656	2736.68	23149.16
346.1810666000931	2736.14	23047.2
346.6426073970895	2742.98	22966.46
347.10411985441374	2737.36	22804.56
347.56560397222484	2737.52	22700.52
348.0270597506816	2740.32	22632.38
348.48848718994304	2741.14	22436.72
348.94988629016814	2739.4	22201.86
349.411257051516	2737.2	22045.64
349.8725994741454	2738.02	21912.76
350.3339135582152	2736.06	21779.68
350.79519930388454	2735.56	21645.72
351.2564567113124	2737.82	21487.32
351.7176857806577	2737.88	21341.18
352.17888651207926	2735.12	21191.0
352.6400589057362	2737.12	20989.02
353.1012029617875	2739.42	20820.02
353.562318680392	2739.62	20547.76
354.0234060617087	2743.42	20330.54
354.4844651058965	2739.02	20071.9
354.9454958131145	2734.6	19832.7
355.4064981835216	2738.96	19597.38
355.8674722172767	2738.5	19394.92
356.32841791453876	2737.24	19243.34
356.7893352754668	2739.76	19105.04
357.2502243002198	2738.12	19049.08
357.71108498895666	2740.14	18996.32
358.1719173418363	2734.62	19058.48
358.6327213590178	2740.4	19221.96
359.09349704066	2753.54	19537.52
359.5542443869219	2739.46	19936.98
360.01496339796245	2738.34	20441.74
360.47565407394063	2736.26	20874.46
360.9363164150155	2738.34	21216.86
361.3969504213458	2739.72	21281.32
361.8575560930906	2739.26	21116.9
362.31813343040886	2733.54	20904.84
362.77868243345955	2740.18	20839.3
363.2392031024017	2736.5	20804.7
363.6996954373941	2740.64	20721.38
364.16015943859577	2740.98	20639.08
364.6205951061657	2738.62	20563.74
365.0810024402629	2733.94	20504.24
365.5413814410462	2736.36	20435.9
366.0017321086746	2737.44	20395.46
366.4620544433072	2740.8	20400.68
366.9223484451028	2735.14	20473.46
367.38261411422036	2741.34	20541.82
367.84285145081884	2737.86	20684.98
368.30306045505733	2740.06	20501.62
368.76324112709466	2735.1	20249.02
369.22339346708986	2737.2	20240.34
369.6835174752017	2741.28	20222.24
370.1436131515895	2734.58	19953.08
370.6036804964119	2738.96	19645.36
371.063719509828	2740.26	19575.96
371.52373019199666	2733.5	19580.86
371.98371254307693	2737.48	19586.9
372.4436665632278	2737.04	19540.96
372.9035922526082	2737.2	19506.78
373.3634896113769	2738.58	19468.54
373.8233586396931	2740.12	19513.06
374.28319933771576	2736.28	19503.24
374.7430117056037	2738.08	19559.82
375.2027957435159	2738.54	19678.1
375.66255145161136	2742.38	19870.4
376.1222788300491	2736.62	19981.36
376.58197787898797	2735.72	19872.64
377.0416485985869	2742.86	19841.84
377.501290989005	2740.16	20005.38
377.96090505040115	2737.28	20249.64
378.4204907829342	2737.78	20527.94
378.8800481867633	2741.42	20847.58
379.3395772620473	2739.5	21285.86
379.79907800894523	2740.24	21479.94
380.25855042761594	2737.26	21052.82
380.7179945182184	2739.58	20818.38
381.17741028091166	2736.34	20821.3
381.6367977158547	2738.66	20536.48
382.09615682320634	2737.12	20387.94
382.5554876031256	2741.16	20589.32
383.01479005577147	2739.04	20738.24
383.4740641813028	2739.92	20530.1
383.9333099798788	2739.14	20319.44
384.3925274516582	2739.34	20398.98
384.8517165968	2737.02	20389.82
385.31087741546315	2739.06	20314.24
385.77000990780664	2738.94	20208.06
386.2291140739895	2738.34	20082.3
386.68818991417055	2739.16	20095.84
387.14723742850884	2741.82	20322.06
387.60625661716335	2733.3	20582.78
388.06524748029295	2734.82	20873.74
388.5242100180566	2740.96	21121.6
388.9831442306133	2737.2	21139.82
389.4420501181221	2739.34	20845.7
389.9009276807418	2740.52	20293.38
390.3597769186314	2736.96	20107.02
390.81859783194983	2737.64	20226.44
391.27739042085625	2737.28	20461.32
391.73615468550935	2738.32	20782.74
392.1948906260683	2739.98	21371.86
392.6535982426919	2738.96	22233.28
393.1122775355392	2738.76	23105.32
393.57092850476914	2736.52	23244.62
394.0295511505406	2733.56	22090.08
394.48814547301265	2739.82	21179.0
394.9467114723442	2736.82	21080.2
395.4052491486942	2734.92	21040.48
395.8637585022217	2736.3	20708.76
396.3222395330855	2736.44	20661.5
396.7806922414447	2740.74	20884.54
397.2391166274582	2737.94	21228.28
397.69751269128494	2744.66	21801.94
398.1558804330839	2741.48	22689.48
398.614219853014	2734.46	23405.68
399.0725309512343	2737.72	23807.54
399.53081372790365	2736.3	23004.24
399.989068183181	2740.08	22213.94
400.44729431722544	2739.02	21800.86
400.9054921301958	2742.82	21351.06
401.36366162225113	2740.26	21209.14
401.8218027935503	2739.12	21006.5
402.27991564425236	2738.16	20690.58
402.7380001745162	2738.98	20663.42
403.1960563845008	2740.58	20715.96
403.6540842743651	2738.58	20656.06
404.11208384426806	2737.36	20630.96
404.5700550943687	2737.74	20873.1
405.02799802482593	2737.12	21237.72
405.48591263579874	2737.48	21622.72
405.9437989274459	2740.86	21732.86
406.40165689992676	2739.3	21174.54
406.8594865533999	2733.92	20336.62
407.31728788802445	2736.02	19895.9
407.77506090395934	2737.98	19892.44
408.2328056013635	2737.14	20106.72
408.69052198039606	2737.74	20505.48
409.14821004121575	2737.08	20835.16
409.6058697839816	2738.84	20529.34
410.06350120885253	2735.1	20104.4
410.52110431598766	2737.74	19886.82
410.97867910554584	2734.74	19812.32
411.436225577686	2740.5	19868.84
411.8937437325671	2736.4	19969.38
412.3512335703482	2735.28	20068.0
412.80869509118816	2734.64	20406.78
413.26612829524595	2738.86	20615.76
413.7235331826805	2737.78	20575.68
414.1809097536509	2737.38	20541.22
414.638258008316	2745.12	20209.7
415.09557794683474	2736.68	19885.68
415.5528695693661	2741.94	19744.36
416.0101328760691	2737.42	19683.88
416.4673678671027	2737.92	19749.66
416.92457454262575	2740.26	19779.2
417.38175290279725	2741.38	19649.04
417.8389029477762	2738.64	19605.88
418.29602467772156	2739.6	19563.56
418.75311809279225	2740.4	19551.52
419.21018319314726	2740.98	19593.06
419.66721997894547	2737.74	19692.4
420.124228450346	2736.6	19920.68
420.5812086075077	2737.26	20422.68
421.0381604505895	2737.78	21240.18
421.49508397975035	2738.96	22174.56
421.9519791951493	2738.98	22978.96
422.40884609694535	2735.9	22965.74
422.8656846852973	2735.38	22235.62
423.3224949603641	2736.32	21645.36
423.779276922305	2735.7	21233.06
424.2360305712786	2735.54	20877.94
424.692755907444	2735.78	20846.48
425.14945293096014	2736.16	21122.8
425.606121641986	2738.5	20972.66
426.0627620406807	2742.32	20177.74
426.51937412720287	2737.52	19545.16
426.9759579017117	2742.3	19533.14
427.4325133643661	2742.3	19831.28
427.88904051532506	2735.66	20247.5
428.3455393547475	2740.26	20254.44
428.8020098827922	2739.9	20490.74
429.2584520996184	2738.52	21316.86
429.71486600538503	2737.24	22403.84
430.17125160025086	2738.66	23466.84
430.627608884375	2737.08	23784.36
431.0839378579163	2738.92	23500.34
431.54023852103387	2740.22	22464.38
431.9965108738866	2738.18	21122.14
432.45275491663335	2740.56	20067.94
432.9089706494331	2736.6	19802.64
433.365158072445	2740.42	19675.42
433.82131718582787	2735.26	19493.84
434.2774479897406	2739.28	19496.28
434.7335504843423	2741.34	19330.68
435.18962466979184	2740.3	19406.66
435.6456705462482	2736.48	19711.82
436.10168811387024	2738.98	20066.26
436.557677372817	2737.8	20588.14
437.01363832324756	2734.02	20935.7
437.4695709653207	2741.44	20242.22
437.92547529919545	2740.2	19838.96
438.3813513250307	2740.12	20100.48
438.83719904298556	2740.44	20401.3
439.2930184532189	2739.44	20227.16
439.74880955588964	2736.26	19699.66
440.20457235115674	2738.06	19313.46
440.6603068391792	2736.48	19334.46
441.116013020116	2739.32	19846.32
441.57169089412605	2736.26	20524.62
442.02734046136834	2736.68	20545.62
442.4829617220018	2740.98	20296.1
442.93855467618545	2738.34	20542.64
443.3941193240782	2737.24	20964.06
443.84965566583895	2736.04	21278.76
444.3051637016267	2736.38	21052.06
444.76064343160056	2737.66	20712.38
445.21609485591927	2742.1	20704.54
445.67151797474185	2737.04	20886.94
446.12691278822734	2738.66	21023.92
446.58227929653464	2736.74	21312.2
447.0376174998227	2736.64	21471.6
447.49292739825046	2738.28	21119.32
447.9482089919769	2738.92	21032.68
448.40346228116107	2740.18	21009.94
448.85868726596186	2736.62	20628.0
449.31388394653806	2738.7	20590.52
449.76905232304887	2739.68	20575.66
450.2241923956532	2742.56	20585.92
450.6793041645099	2739.0	20557.26
451.134387629778	2739.92	20497.14
451.5894427916165	2738.94	20303.18
452.04446965018434	2733.84	20165.98
452.4994682056403	2737.94	20076.76
452.9544384581436	2737.0	19644.44
453.4093804078531	2735.2	19281.0
453.86429405492777	2740.1	18854.1
454.31917939952643	2738.2	18711.1
454.7740364418083	2737.26	18554.92
455.22886518193206	2736.36	18639.42
455.68366562005696	2739.04	18765.6
456.13843775634166	2739.0	18610.62
456.5931815909453	2738.02	18553.94
457.04789712402675	2735.68	18775.26
457.5025843557451	2737.44	19065.98
457.9572432862592	2736.28	19015.28
458.41187391572805	2738.2	18936.26
458.8664762443105	2739.26	18817.34
459.32105027216573	2740.86	18682.24
459.77559599945243	2734.44	18686.4
460.23011342632975	2738.64	18889.98
460.6846025529566	2736.86	19018.8
461.139063379492	2736.04	19261.26
461.5934959060948	2734.22	18994.9
462.0479001329239	2739.4	18010.5
462.5022760601385	2738.28	17026.82
462.9566236878973	2735.4	16893.52
463.41094301635945	2738.64	17111.68
463.8652340456838	2739.86	17535.56
464.3194967760294	2737.2	18077.88
464.77373120755504	2738.12	18698.64
465.2279373404199	2739.06	19533.86
465.6821151747827	2736.82	20203.6
466.13626471080266	2741.3	20411.5
466.5903859486385	2738.48	19451.06
467.0444788884494	2744.98	17810.78
467.4985435303941	2739.72	17246.5
467.95257987463174	2737.24	17261.02
468.40658792132115	2736.86	17466.54
468.8605676706213	2738.52	17262.18
469.31451912269125	2738.88	16587.22
469.76844227768987	2738.64	15974.82
470.2223371357761	2740.68	15576.54
470.67620369710903	2737.6	15383.24
471.13004196184744	2737.94	15280.12
471.5838519301504	2738.74	15183.44
472.03763360217687	2739.86	15245.24
472.49138697808576	2742.68	15497.56
472.9451120580361	2738.38	15796.06
473.3988088421867	2743.08	16160.04
473.85247733069673	2736.9	16364.54
474.306117523725	2736.62	16394.64
474.75972942143045	2739.56	16620.34
475.21331302397215	2736.02	17100.86
475.6668683315091	2736.54	17415.84
476.12039534419995	2741.42	17163.82
476.57389406220403	2738.9	16798.54
477.02736448568004	2736.14	16503.84
477.4808066147871	2736.98	16105.32
477.93422044968406	2737.82	15951.28
478.38760599053	2737.56	16020.66
478.8409632374837	2734.8	15918.26
479.29429219070437	2735.12	15791.34
479.74759285035066	2736.02	15994.34
480.2008652165818	2737.98	16385.24
480.6541092895566	2736.36	16674.48
481.107325069434	2740.34	16720.32
481.56051255637306	2739.36	16782.12
482.01367175053275	2740.96	17069.2
482.46680265207186	2735.2	16968.0
482.91990526114944	2735.88	16539.74
483.37297957792464	2742.54	16374.82
483.82602560255606	2741.24	16695.86
484.2790433352029	2739.8	17184.06
484.73203277602414	2739.32	17870.08
485.1849939251786	2737.4	19026.62
485.6379267828253	2739.62	20623.78
486.09083134912316	2738.14	22465.48
486.5437076242313	2737.82	22291.68
486.9965556083084	2739.46	19660.28
487.4493753015136	2738.6	18842.52
487.90216670400594	2735.82	18165.86
488.35492981594416	2739.68	16834.68
488.8076646374874	2738.64	16285.72
489.26037116879456	2734.78	16292.84
489.71304941002455	2736.32	16259.76
490.1656993613363	2737.42	16053.68
490.61832102288895	2740.3	15865.6
491.0709143948412	2742.7	15694.96
491.5234794773523	2739.34	15559.5
491.97601627058094	2739.68	15384.5
492.4285247746863	2737.96	15288.54
492.88100498982715	2740.94	15434.2
493.33345691616256	2741.06	15529.82
493.7858805538514	2737.78	15629.3
494.23827590305285	2740.82	15728.58
494.69064296392554	2736.3	15642.2
495.14298173662866	2737.48	15500.18
495.59529222132113	2740.84	15619.1
496.0475744181618	2735.94	16425.64
496.4998283273098	2736.6	17425.7
496.95205394892395	2741.68	17274.66
497.4042512831633	2739.08	16112.1
497.8564203301868	2738.7	15245.98
498.3085610901533	2735.4	15063.4
498.7606735632218	2732.54	15284.6
499.21275774955143	2739.88	15454.68
499.6648136493009	2737.56	15330.5
500.11684126262935	2738.52	15053.5
500.5688405896956	2739.06	14818.3
501.0208116306587	2735.18	15084.96
501.4727543856776	2738.68	15764.04
501.92466885491126	2740.7	16137.48
502.3765550385186	2734.28	16009.92
502.8284129366586	2735.52	15993.36
503.2802425494902	2740.72	16051.86
503.73204387717243	2739.24	16164.84
504.18381691986406	2740.72	16049.0
504.63556167772435	2741.62	15847.1
505.08727815091197	2740.16	15850.76
505.5389663395861	2738.52	15727.88
505.9906262439056	2737.94	15375.04
506.4422578640293	2740.78	15049.26
506.89386120011636	2738.4	14981.34
507.3454362523256	2738.02	14845.82
507.7969830208162	2734.92	14709.28
508.24850150574684	2739.22	14950.62
508.69999170727675	2734.54	14818.0
509.1514536255646	2739.64	14460.78
509.6028872607695	2735.96	14360.16
510.0542926130504	2735.92	14512.06
510.50566968256624	2739.4	14755.68
510.95701846947594	2737.08	14825.0
511.40833897393867	2739.38	14735.8
511.8596311961131	2738.1	14581.74
512.3108951361585	2737.5	14343.66
512.7621307942334	2737.86	14325.54
513.2133381704971	2735.96	14360.66
513.6645172651084	2742.48	14166.36
514.1156680782265	2737.24	13912.1
514.56679061001	2738.96	13731.54
515.0178848606182	2736.28	13332.24
515.4689508302097	2738.36	13032.46
515.9199885189439	2734.54	13090.76
516.3709979269794	2733.74	13494.62
516.8219790544752	2738.24	13831.12
517.2729319015904	2739.04	13675.44
517.7238564684837	2738.9	13136.36
518.1747527553144	2732.34	13056.04
518.6256207622414	2739.52	13315.82
519.0764604894235	2735.26	13551.88
519.5272719370197	2741.46	13653.2
519.9780551051891	2738.72	13238.4
520.4288099940904	2741.22	12715.18
520.8795366038827	2739.08	12512.62
521.330234934725	2740.5	12665.0
521.7809049867761	2736.28	12784.18
522.2315467601952	2738.2	12598.9
522.6821602551412	2735.44	12426.56
523.1327454717729	2738.86	12489.5
523.5833024102494	2737.3	12560.84
524.0338310707295	2737.58	12660.96
524.4843314533723	2734.34	12701.08
524.9348035583367	2734.48	12557.98
525.3852473857818	2735.0	12461.3
525.8356629358663	2738.76	12505.22
526.2860502087494	2736.68	12577.32
526.7364092045899	2738.94	12574.52
527.186739923547	2739.74	12553.28
527.6370423657792	2739.62	12448.44
528.0873165314458	2737.62	12339.28
528.5375624207057	2739.4	12605.7
528.987780033718	2735.44	13012.68
529.4379693706412	2735.12	13053.42
529.8881304316349	2738.7	12858.4
530.3382632168576	2734.46	12826.68
530.7883677264683	2741.48	12736.3
531.2384439606263	2736.9	12593.44
531.68849191949	2738.76	12629.36
532.1385116032188	2737.0	12621.9
532.5885030119715	2740.9	12624.12
533.038466145907	2736.88	12941.0
533.4884010051844	2735.24	13374.9
533.9383075899626	2736.96	13557.22
534.3881859004006	2736.0	13685.74
534.8380359366574	2737.32	13971.66
535.2878576988917	2736.98	14078.94
535.7376511872626	2737.3	13870.8
536.1874164019291	2739.76	13413.02
536.63715334305	2739.6	13015.24
537.0868620107848	2739.14	12956.0
537.5365424052918	2736.68	13413.34
537.9861945267303	2737.66	14073.38
538.4358183752591	2742.54	14423.4
538.8854139510373	2739.08	14610.64
539.3349812542237	2736.98	14699.8
539.7845202849775	2737.74	14566.8
540.2340310434574	2737.96	14189.32
540.6835135298226	2741.74	13890.24
541.1329677442317	2736.9	14008.2
541.5823936868442	2740.2	14152.02
542.0317913578185	2739.46	14220.86
542.4811607573139	2741.58	14244.82
542.9305018854892	2740.9	14072.24
543.3798147425035	2737.22	13870.0
543.8290993285156	2739.22	14064.0
544.2783556436846	2735.28	14482.44
544.7275836881694	2739.02	14777.58
545.1767834621289	2738.52	14774.1
545.6259549657221	2742.06	14501.52
546.0750981991081	2742.48	14172.6
546.5242131624457	2738.26	14200.38
546.9732998558936	2739.3	14623.38
547.4223582796114	2740.04	15466.56
547.8713884337575	2737.9	16223.12
548.3203903184911	2739.4	16299.24
548.7693639339712	2738.66	15477.16
549.2183092803567	2737.62	14407.32
549.6672263578066	2737.4	13786.38
550.1161151664796	2733.48	13814.72
550.5649757065349	2741.68	14004.76
551.0138079781314	2734.34	13787.58
551.462611981428	2735.9	13878.98
551.9113877165839	2739.16	14713.06
552.360135183758	2736.78	15515.9
552.808854383109	2736.82	15582.9
553.257545314796	2737.16	15323.22
553.706207978978	2737.34	15236.0
554.1548423758138	2738.3	15056.54
554.6034485054627	2735.56	14753.66
555.0520263680833	2742.54	15174.02
555.5005759638345	2741.06	16128.04
555.9490972928758	2735.6	16092.12
556.3975903553657	2740.52	15284.6
556.8460551514632	2735.46	14553.88
557.2944916813275	2736.0	14231.16
557.7428999451172	2738.84	14199.82
558.1912799429915	2741.2	13959.5
558.6396316751093	2734.38	13599.84
559.0879551416297	2737.28	13522.74
559.5362503427112	2735.72	14103.58
559.9845172785134	2733.92	15097.28
560.4327559491949	2737.16	15961.4
560.8809663549148	2737.56	16578.42
561.3291484958318	2740.16	16834.94
561.7773023721049	2740.46	16693.4
562.2254279838933	2739.62	16285.42
562.6735253313559	2736.28	15754.52
563.1215944146514	2740.52	16022.08
563.569635233939	2735.24	16706.02
564.0176477893779	2738.56	16341.58
564.4656320811265	2736.28	15669.64
564.9135881093442	2739.68	15449.34
565.3615158741896	2734.9	15269.2
565.8094153758219	2737.9	14846.28
566.2572866144	2738.52	14680.22
566.7051295900827	2735.8	14956.64
567.1529443030294	2737.28	15497.84
567.6007307533987	2732.06	16463.38
568.0484889413497	2737.78	17148.02
568.4962188670412	2737.48	17781.5
568.9439205306322	2739.46	18879.94
569.3915939322818	2733.04	20018.3
569.8392390721488	2738.86	21108.72
570.2868559503921	2736.66	21906.76
570.734444567171	2738.18	22447.02
571.1820049226443	2737.66	24124.18
571.6295370169707	2738.68	26228.04
572.0770408503096	2738.96	26596.9
572.5245164228195	2737.96	24755.02
572.9719637346597	2736.86	24119.22
573.419382785989	2741.08	26695.74
573.8667735769664	2736.94	27780.58
574.3141361077508	2737.62	28203.16
574.7614703785011	2740.42	29732.94
575.2087763893767	2740.9	30057.9
575.656054140536	2736.9	28035.92
576.1033036321381	2739.14	26484.82
576.5505248643423	2735.04	28053.46
576.997717837307	2736.94	29047.76
577.4448825511918	2737.94	31256.88
577.8920190061551	2735.64	36882.08
578.3391272023562	2735.78	38224.9
578.786207139954	2740.72	32875.78
579.2332588191072	2740.82	28606.7
579.6802822399751	2736.12	29081.58
580.1272774027163	2735.56	29582.04
580.5742443074903	2737.94	29137.48
581.0211829544554	2738.56	33590.94
581.468093343771	2738.04	42994.74
581.9149754755961	2733.36	45217.12
582.3618293500894	2741.82	38014.16
582.8086549674099	2736.26	31693.9
583.2554523277169	2737.46	27551.86
583.7022214311687	2755.06	24665.52
584.1489622779249	2735.52	25260.24
584.595674868144	2739.2	30364.76
585.0423592019852	2737.66	36257.0
585.4890152796075	2740.66	37484.5
585.9356431011698	2741.06	33933.74
586.382242666831	2736.76	30139.82
586.82881397675	2736.94	28568.14
587.2753570310861	2739.76	29875.58
587.7218718299977	2732.28	31463.34
588.1683583736442	2738.84	31051.92
588.6148166621844	2735.92	29636.86
589.0612466957773	2736.68	26607.54
589.5076484745817	2736.84	24117.2
589.954021998757	2735.94	24567.52
590.4003672684617	2733.68	24215.16
590.8466842838549	2738.3	23010.48
591.2929730450957	2741.28	22993.36
591.7392335523426	2735.1	24249.9
592.1854658057551	2738.12	25728.86
592.6316698054919	2737.7	29206.0
593.0778455517121	2737.16	34727.84
593.5239930445747	2737.08	34700.74
593.9701122842383	2737.0	30404.06
594.4162032708622	2738.9	25903.2
594.8622660046052	2737.66	25099.54
595.3083004856263	2738.82	26720.48
595.7543067140844	2740.64	25720.56
596.2002846901385	2737.14	23399.98
596.6462344139476	2740.82	22849.12
597.0921558856708	2736.2	24601.98
597.5380491054667	2734.24	26905.64
597.9839140734946	2736.36	27843.88
598.4297507899132	2734.18	28528.62
598.8755592548816	2739.76	32609.34
599.3213394685588	2735.3	34854.84
599.7670914311035	2738.32	33369.84
600.2128151426749	2739.2	33823.2
600.6585106034319	2733.9	32166.58
601.1041778135337	2736.1	29268.4
601.5498167731388	2738.98	27133.54
601.9954274824065	2738.58	25277.92
602.4410099414955	2734.1	24074.06
602.8865641505649	2737.56	23859.8
603.3320901097737	2744.02	26507.7
603.7775878192808	2739.14	29212.92
604.223057279245	2737.94	28866.08
604.6684984898258	2735.66	27188.06
605.1139114511815	2735.2	27120.88
605.5592961634716	2738.72	29657.38
606.0046526268546	2736.82	30972.78
606.4499808414897	2737.86	30829.82
606.8952808075358	2735.3	30681.76
607.3405525251519	2736.0	31831.92
607.7857959944969	2740.02	31553.32
608.23101121573	2740.06	28704.52
608.6761981890097	2738.08	26259.18
609.1213569144952	2739.02	24659.46
609.5664873923457	2739.64	24080.06
610.0115896227197	2741.48	25728.84
610.4566636057765	2740.6	25923.42
610.901709341675	2739.66	24474.86
611.346726830574	2743.08	24942.76
611.7917160726325	2743.04	25464.76
612.2366770680097	2737.2	24839.68
612.6816098168644	2740.06	24938.54
613.1265143193555	2739.5	25916.74
613.571390575642	2733.52	26353.02
614.0162385858827	2739.16	25977.62
614.4610583502368	2737.54	27376.5
614.9058498688631	2738.42	30653.78
615.3506131419208	2739.0	30655.5
615.7953481695686	2738.88	27510.46
616.2400549519656	2737.04	24194.68
616.6847334892707	2734.42	23313.68
617.1293837816428	2738.3	22861.64
617.574005829241	2736.7	21618.62
618.0185996322241	2736.64	22106.9
618.463165190751	2738.98	22711.38
618.907702504981	2736.46	22013.22
619.3522115750729	2738.1	21717.76
619.7966924011856	2737.62	22221.92
620.2411449834781	2740.26	22881.7
620.6855693221092	2741.9	21063.32
621.129965417238	2742.42	18978.84
621.5743332690234	2736.5	19965.48
622.0186728776246	2735.82	23653.02
622.4629842432001	2734.5	24446.22
622.9072673659093	2736.96	22928.96
623.3515222459112	2734.78	22502.92
623.7957488833642	2743.56	21940.32
624.2399472784278	2743.2	22357.52
624.6841174312607	2737.6	22843.5
625.1282593420219	2736.8	21261.14
625.5723730108703	2737.14	20293.62
626.016458437965	2736.68	20348.04
626.4605156234649	2739.46	20043.26
626.904544567529	2735.64	20507.02
627.3485452703161	2736.2	21422.42
627.7925177319854	2739.42	21011.94
628.2364619526957	2738.44	19613.94
628.6803779326058	2738.76	18853.4
629.1242656718749	2736.94	20225.9
629.568125170662	2735.4	21169.72
630.0119564291259	2737.18	19983.84
630.4557594474257	2736.82	19166.68
630.8995342257202	2737.46	18792.08
631.3432807641686	2737.0	18180.66
631.7869990629295	2739.86	17654.52
632.2306891221622	2739.06	16996.94
632.6743509420254	2738.1	17040.96
633.1179845226782	2742.34	17359.66
633.5615898642794	2734.44	17036.86
634.0051669669881	2737.02	17133.44
634.4487158309635	2740.4	17427.36
634.8922364563641	2737.18	17161.44
635.3357288433492	2739.02	17119.46
635.7791929920776	2739.52	17920.14
636.2226289027082	2739.66	19036.28
636.6660365754	2735.74	19763.08
637.109416010312	2736.7	18969.78
637.5527672076031	2735.62	17845.82
637.9960901674325	2735.64	17501.4
638.4393848899589	2735.6	17595.4
638.8826513753413	2736.34	17775.16
639.3258896237387	2739.56	17186.0
639.76909963531	2736.38	16864.78
640.2122814102142	2739.46	17240.5
640.6554349486103	2736.52	17715.56
641.0985602506573	2739.28	17384.04
641.541657316514	2735.04	16827.18
641.9847261463394	2737.94	16769.6
642.4277667402927	2736.1	16697.56
642.8707790985325	2736.14	16716.72
643.3137632212178	2732.78	17223.94
643.7567191085078	2739.04	17737.38
644.1996467605612	2735.86	17528.96
644.6425461775373	2738.84	17236.58
645.0854173595947	2737.42	17107.6
645.5282603068927	2737.1	17068.72
645.9710750195898	2737.04	16978.2
646.4138614978455	2736.36	16872.42
646.8566197418182	2739.24	16822.74
647.2993497516673	2736.74	16891.36
647.7420515275516	2738.24	17399.84
648.18472506963	2740.46	19046.14
648.6273703780614	2738.54	20642.76
649.0699874530051	2737.1	20964.74
649.5125762946197	2740.36	20919.8
649.9551369030644	2739.8	19750.52
650.397669278498	2737.48	18522.4
650.8401734210794	2737.88	18333.2
651.2826493309678	2735.78	18728.12
651.725097008322	2734.56	19009.84
652.1675164533008	2733.14	19047.92
652.6099076660637	2738.1	19259.1
653.052270646769	2737.6	19829.48
653.4946053955762	2735.34	20042.12
653.9369119126437	2736.74	19195.38
654.379190198131	2738.2	18464.98
654.8214402521968	2735.28	19157.34
655.263662075	2740.38	26432.56
655.7058556666996	2738.4	64000.0
656.1480210274548	2735.88	64000.0
656.5901581574244	2736.68	64000.0
657.0322670567672	2736.56	35386.8
657.4743477256422	2736.6	21046.9
657.9164001642087	2738.32	20508.52
658.3584243726252	2737.9	20935.04
658.8004203510508	2735.58	20320.5
659.2423880996446	2738.48	19606.54
659.6843276185655	2738.92	18881.94
660.1262389079725	2737.84	18401.0
660.5681219680243	2733.38	18207.38
661.0099767988804	2738.88	18398.1
661.4518034006992	2732.68	18771.2
661.8936017736398	2739.18	18823.6
662.3353719178613	2736.8	18543.94
662.7771138335224	2739.38	18422.34
663.2188275207824	2739.18	18574.72
663.6605129798002	2737.06	19019.02
664.1021702107346	2737.6	19695.72
664.5437992137446	2740.0	20094.94
664.9853999889892	2735.18	19873.0
665.4269725366273	2736.46	19817.08
665.8685168568178	2736.96	19584.04
666.3100329497199	2739.48	19045.92
666.7515208154923	2737.22	18783.6
667.1929804542941	2736.42	18764.8
667.6344118662844	2738.58	18967.58
668.0758150516218	2737.48	19127.74
668.5171900104656	2734.56	19144.52
668.9585367429745	2734.3	19401.32
669.3998552493074	2734.6	19946.48
669.8411455296236	2733.3	20095.98
670.2824075840819	2740.44	20288.92
670.7236414128412	2737.82	20358.38
671.1648470160604	2735.92	20757.42
671.6060243938988	2739.6	23259.72
672.047173546515	2736.08	25001.88
672.488294474068	2735.7	23804.46
672.9293871767168	2736.88	22164.72
673.3704516546204	2739.26	20768.72
673.8114879079377	2734.14	20445.56
674.2524959368278	2740.58	20762.46
674.6934757414498	2736.9	20805.12
675.1344273219621	2736.06	20636.24
675.5753506785242	2735.64	21073.42
676.0162458112947	2735.5	21600.22
676.4571127204325	2734.7	22211.8
676.8979514060969	2736.72	22049.04
677.3387618684468	2737.64	21338.94
677.7795441076411	2740.78	22965.22
678.2202981238386	2737.98	23788.54
678.6610239171986	2740.68	22979.76
679.1017214878797	2735.68	23414.3
679.542390836041	2741.5	24369.66
679.9830319618416	2740.84	24600.66
680.4236448654401	2732.3	23253.04
680.8642295469957	2734.64	22219.48
681.3047860066674	2737.22	22702.74
681.7453142446142	2739.36	24239.68
682.1858142609949	2735.54	23806.78
682.6262860559685	2737.34	22251.82
683.066729629694	2739.18	21306.74
683.5071449823304	2740.62	21978.36
683.9475321140363	2740.18	23683.8
684.3878910249712	2736.6	24895.24
684.8282217152937	2736.26	25973.76
685.268524185163	2738.78	27431.48
685.7087984347379	2737.1	28250.16
686.1490444641772	2738.88	26399.56
686.5892622736403	2740.98	24628.64
687.0294518632857	2736.32	24049.68
687.4696132332725	2739.06	24768.94
687.90974638376	2733.62	24699.4
688.3498513149066	2736.22	23477.44
688.7899280268716	2738.28	22940.54
689.2299765198139	2737.52	23129.98
689.6699967938926	2735.7	24443.68
690.1099888492664	2734.26	24653.28
690.5499526860945	2736.94	23757.44
690.9898883045355	2738.02	25124.74
691.4297957047487	2738.74	27803.5
691.8696748868929	2733.98	27216.84
692.309525851127	2739.1	25316.0
692.7493485976102	2735.48	24611.36
693.1891431265014	2736.16	24980.0
693.6289094379594	2737.86	25423.5
694.0686475321434	2737.0	24215.94
694.5083574092118	2737.44	23415.24
694.9480390693242	2737.06	23949.04
695.3876925126392	2740.14	25928.58
695.827317739316	2733.38	25625.52
696.2669147495134	2737.98	23255.32
696.7064835433903	2738.66	25117.82
697.1460241211057	2736.58	30952.12
697.5855364828187	2736.42	31428.84
698.0250206286883	2738.04	27158.52
698.4644765588732	2734.5	25041.62
698.9039042735324	2737.16	24554.06
699.3433037728249	2737.48	24301.98
699.7826750569099	2734.4	24320.9
700.2220181259461	2739.68	23870.52
700.6613329800924	2742.5	23529.12
701.1006196195079	2733.78	23840.6
701.5398780443516	2735.34	23822.9
701.9791082547823	2736.78	24792.64
702.418310250959	2736.16	26759.78
702.8574840330408	2737.2	27789.18
703.2966296011866	2736.92	26602.72
703.7357469555554	2736.86	24807.76
704.174836096306	2739.36	24557.06
704.6138970235972	2737.74	25371.88
705.0529297375883	2736.34	24990.74
705.4919342384385	2738.44	24170.68
705.9309105263061	2739.08	24593.66
706.3698586013504	2737.24	26166.22
706.8087784637304	2738.46	29659.88
707.247670113605	2737.4	32332.18
707.686533551133	2738.34	32192.82
708.1253687764736	2738.16	31343.84
708.5641757897856	2738.1	30185.7
709.0029545912282	2742.84	29240.6
709.4417051809601	2740.38	28298.46
709.8804275591402	2735.26	27179.44
710.3191217259277	2735.72	27223.56
710.7577876814815	2741.24	28563.36
711.1964254259605	2736.76	28629.56
711.6350349595236	2738.48	27216.28
712.0736162823298	2739.08	26588.64
712.5121693945382	2736.96	27604.08
712.9506942963078	2734.8	29749.0
713.3891909877972	2736.66	30040.16
713.8276594691655	2738.84	29896.02
714.2660997405717	2737.34	29449.16
714.704511802175	2739.82	29159.16
715.142895654134	2738.72	29218.3
715.5812512966079	2734.14	28962.18
716.0195787297555	2734.86	27178.12
716.4578779537359	2738.44	25700.22
716.8961489687078	2737.18	25765.58
717.3343917748304	2737.34	26892.28
717.7726063722625	2737.9	27704.3
718.2107927611634	2737.26	29867.02
718.6489509416917	2736.6	30142.06
719.0870809140064	2737.26	28313.04
719.5251826782664	2735.76	28718.18
719.9632562346311	2739.26	27647.18
720.401301583259	2736.24	26323.82
720.8393187243091	2739.98	26995.84
721.2773076579407	2737.72	27552.66
721.7152683843123	2736.1	27197.16
722.1532009035832	2736.78	27356.54
722.5911052159121	2739.24	27326.8
723.0289813214582	2733.94	27153.46
723.4668292203802	2738.92	27703.28
723.9046489128375	2738.32	27544.42
724.3424403989885	2736.16	26580.9
724.7802036789925	2739.64	26570.82
725.2179387530084	2736.62	28411.2
725.6556456211953	2735.36	29571.2
726.0933242837118	2736.96	29261.88
726.530974740717	2736.7	28783.62
726.9685969923701	2737.94	27978.46
727.4061910388298	2737.86	28253.14
727.8437568802552	2737.96	29446.94
728.2812945168051	2736.1	30342.22
728.7188039486385	2737.4	29836.1
729.1562851759146	2737.18	29224.66
729.593738198792	2737.68	29818.86
730.03116301743	2735.84	30553.62
730.4685596319872	2735.6	31154.76
730.9059280426229	2736.62	35037.22
731.3432682494958	2738.14	36411.6
731.7805802527649	2740.58	33835.78
732.2178640525894	2735.88	31805.46
732.6551196491281	2736.86	31935.76
733.0923470425398	2735.42	33798.76
733.5295462329836	2737.9	33100.0
733.9667172206184	2737.0	34027.36
734.4038600056034	2738.36	35296.44
734.8409745880973	2738.22	33382.62
735.2780609682591	2737.9	31654.86
735.7151191462477	2736.38	34413.1
736.1521491222222	2739.02	34964.42
736.5891508963417	2734.82	32535.84
737.0261244687648	2738.2	32992.2
737.4630698396505	2739.06	33074.46
737.8999870091579	2736.92	31017.26
738.3368759774462	2735.64	30327.38
738.7737367446739	2734.42	31877.54
739.2105693110002	2736.72	35899.06
739.6473736765839	2739.32	35912.92
740.0841498415843	2735.34	31248.74
740.5208978061601	2736.22	29052.28
740.95761757047	2739.06	28754.02
741.3943091346736	2738.24	28677.82
741.8309724989294	2737.76	28803.66
742.2676076633965	2738.36	30062.54
742.7042146282336	2737.96	31861.88
743.1407933935999	2738.36	30665.62
743.5773439596546	2737.28	28420.6
744.0138663265562	2736.44	27924.44
744.4503604944639	2741.18	27866.72
744.8868264635367	2736.7	28040.14
745.3232642339333	2736.44	27869.18
745.759673805813	2735.06	28428.18
746.1960551793346	2735.74	29385.16
746.632408354657	2740.1	28736.1
747.0687333319391	2741.76	28819.56
747.50503011134	2740.26	29422.48
747.9412986930188	2738.94	28270.7
748.3775390771341	2736.46	27597.7
748.8137512638451	2739.46	28098.86
749.2499352533107	2739.14	29292.92
749.68609104569	2737.0	30232.98
750.1222186411416	2744.08	30498.6
750.5583180398247	2740.64	30682.48
750.9943892418984	2738.92	29501.6
751.4304322475213	2742.22	29773.02
751.8664470568526	2734.24	30529.68
752.3024336700512	2735.42	30178.38
752.7383920872762	2739.44	30099.38
753.1743223086863	2737.78	30543.44
753.6102243344405	2740.7	32804.26
754.046098164698	2739.96	32661.34
754.4819437996176	2736.34	29848.06
754.9177612393582	2737.98	29518.16
755.3535504840789	2735.58	30595.8
755.7893115339384	2738.44	31970.46
756.225044389096	2735.64	32355.22
756.6607490497105	2736.52	35767.44
757.0964255159407	2740.44	38950.8
757.5320737879458	2737.2	40735.46
757.9676938658847	2737.54	40296.0
758.4032857499163	2740.28	35036.58
758.8388494401996	2733.8	31816.08
759.2743849368935	2735.68	32476.48
759.709892240157	2736.2	34491.94
760.1453713501493	2736.32	34382.0
760.5808222670288	2738.02	36786.74
761.0162449909549	2739.32	38541.08
761.4516395220863	2736.2	36376.64
761.8870058605825	2737.08	32914.5
762.3223440066016	2736.2	32141.82
762.7576539603032	2735.7	33172.36
763.192935721846	2737.44	34038.5
763.6281892913893	2736.64	34500.52
764.0634146690915	2736.76	34303.94
764.4986118551119	2738.32	38588.94
764.9337808496093	2735.88	41747.7
765.368921652743	2737.9	38366.26
765.8040342646716	2737.72	34432.94
766.2391186855542	2734.96	31614.28
766.6741749155497	2738.68	29791.96
767.1092029548171	2737.96	29713.88
767.5442028035154	2736.46	30491.12
767.9791744618035	2739.96	33803.16
768.4141179298402	2736.32	37264.0
768.8490332077848	2740.8	37801.76
769.2839202957962	2738.68	35507.64
769.7187791940331	2731.94	32054.08
770.1536099026547	2737.26	31463.46
770.5884124218197	2737.18	32852.16
771.0231867516875	2739.28	33675.78
771.4579328924165	2736.5	33700.74
771.8926508441659	2741.94	31976.12
772.3273406070949	2735.96	30894.94
772.7620021813623	2738.18	31660.98
773.1966355671268	2736.92	31523.54
773.6312407645477	2743.72	30984.66
774.0658177737838	2739.42	31004.66
774.5003665949941	2739.64	30698.86
774.9348872283376	2736.34	30623.16
775.3693796739731	2739.78	30640.96
775.8038439320597	2737.62	29944.88
776.2382800027565	2734.2	29882.66
776.6726878862221	2738.76	30284.78
777.1070675826156	2736.02	30594.14
777.541419092096	2741.2	30315.7
777.9757424148225	2740.0	30051.7
778.4100375509536	2738.04	30841.7
778.8443045006485	2739.0	31815.66
779.2785432640661	2738.54	32204.68
779.7127538413654	2735.84	31925.36
780.1469362327056	2741.56	30956.84
780.581090438245	2737.76	31097.66
781.0152164581432	2741.44	34478.48
781.4493142925588	2738.9	36982.36
781.8833839416511	2740.4	34521.88
782.3174254055787	2739.76	32652.6
782.7514386845007	2740.4	33597.7
783.185423778576	2737.22	33280.48
783.6193806879637	2741.9	33140.38
784.0533094128227	2735.44	32615.4
784.4872099533119	2737.88	31082.06
784.9210823095902	2739.86	31249.1
785.354926481817	2737.46	33017.0
785.7887424701506	2738.18	33639.1
786.2225302747502	2740.16	34320.16
786.656289895775	2738.68	32979.44
787.0900213333838	2733.88	31338.12
787.5237245877355	2738.72	31601.68
787.957399658989	2737.44	33168.42
788.3910465473034	2737.84	35820.2
788.8246652528378	2737.16	37280.06
789.2582557757509	2742.02	35185.68
789.6918181162015	2735.42	32247.64
790.125352274349	2738.08	31837.34
790.558858250352	2735.92	32247.78
790.9923360443698	2736.08	32039.82
791.4257856565612	2738.2	33923.78
791.8592070870849	2733.96	34971.18
792.2926003361001	2738.52	33252.56
792.725965403766	2738.04	32683.06
793.1593022902413	2740.14	34000.48
793.5926109956847	2739.98	35054.68
794.0258915202555	2737.66	41001.98
794.4591438641128	2736.52	42845.86
794.892368027415	2737.36	37562.76
795.3255640103215	2736.66	35907.64
795.7587318129912	2737.66	33306.56
796.1918714355832	2735.2	31079.92
796.6249828782561	2740.5	30138.02
797.058066141169	2736.4	30434.38
797.4911212244808	2738.42	32562.32
797.9241481283507	2735.5	33605.36
798.3571468529375	2738.04	32111.46
798.7901173984001	2738.32	31939.26
799.2230597648975	2737.38	32341.2
799.6559739525889	2736.96	31638.56
800.0888599616328	2740.3	31228.88
800.5217177921884	2739.1	30875.02
800.9545474444147	2738.5	30917.08
801.3873489184706	2735.06	31055.92
801.8201222145152	2737.54	30997.62
802.2528673327072	2741.8	30727.62
802.6855842732057	2740.52	30653.28
803.1182730361697	2732.74	31227.28
803.5509336217581	2740.24	31650.64
803.9835660301299	2737.98	31019.8
804.4161702614439	2737.34	30602.02
804.8487463158591	2737.74	30644.42
805.2812941935349	2736.76	30722.84
805.7138138946297	2740.62	32193.6
806.1463054193025	2736.16	36232.38
806.5787687677125	2736.52	37237.94
807.0112039400187	2733.58	34094.74
807.4436109363799	2735.5	32516.72
807.875989756955	2734.04	33124.88
808.308340401903	2737.28	32650.32
808.7406628713832	2740.9	31792.74
809.1729571655541	2739.76	30942.0
809.6052232845747	2734.28	30517.72
810.0374612286042	2737.92	30914.72
810.4696709978015	2736.52	31157.54
810.9018525923253	2739.06	31711.5
811.334006012335	2737.72	32417.66
811.7661312579891	2740.6	31583.18
812.1982283294468	2733.9	30621.3
812.6302972268672	2736.98	30428.6
813.0623379504091	2740.74	30460.02
813.4943505002312	2739.04	31965.48
813.9263348764928	2736.68	35099.28
814.358291079353	2739.44	33504.46
814.7902191089703	2736.22	30857.14
815.2221189655039	2740.1	30230.04
815.6539906491128	2735.6	30607.02
816.0858341599559	2739.18	31229.08
816.5176494981922	2735.26	31611.36
816.9494366639805	2733.82	33181.7
817.3811956574799	2735.14	33286.82
817.8129264788495	2733.64	32412.52
818.2446291282478	2738.92	31415.7
818.6763036058343	2739.48	30857.76
819.1079499117676	2736.78	30618.54
819.5395680462068	2741.52	30526.92
819.9711580093108	2735.82	30997.96
820.4027198012385	2738.5	34001.44
820.8342534221491	2737.24	36345.92
821.2657588722014	2736.24	33907.38
821.6972361515543	2738.3	31263.36
822.1286852603669	2737.96	30950.9
822.5601061987979	2738.76	30983.66
822.9914989670065	2737.02	31754.72
823.4228635651518	2738.82	32129.62
823.8541999933923	2735.28	31282.44
824.2855082518873	2738.5	31014.5
824.7167883407957	2739.64	31474.6
825.1480402602765	2738.94	31568.66
825.5792640104884	2734.74	32782.92
826.0104595915906	2740.76	32728.48
826.441627003742	2746.64	32610.86
826.8727662471017	2735.4	34907.64
827.3038773218284	2737.56	36592.36
827.7349602280813	2737.18	36801.58
828.166014966019	2741.1	33007.36
828.5970415358009	2739.72	30934.5
829.0280399375857	2735.22	31611.56
829.4590101715324	2739.3	31644.52
829.8899522378	2734.26	30937.54
830.3208661365475	2738.92	30508.68
830.7517518679336	2735.74	30245.98
831.1826094321176	2736.18	30143.18
831.6134388292581	2739.08	30083.98
832.0442400595147	2738.96	30238.48
832.4750131230455	2736.82	31141.2
832.9057580200099	2737.7	32763.9
833.336474750567	2736.26	32597.92
833.7671633148755	2738.44	31333.98
834.1978237130946	2735.36	31469.64
834.628455945383	2740.16	31701.98
835.0590600118998	2738.94	31306.7
835.4896359128039	2739.46	31075.34
835.9201836482545	2738.32	30748.26
836.35070321841	2740.06	30625.0
836.7811946234299	2737.76	30304.1
837.2116578634729	2738.9	30144.34
837.6420929386982	2737.04	30302.52
838.0724998492643	2737.84	30702.0
838.5028785953306	2738.74	30644.5
838.9332291770559	2737.16	30637.16
839.3635515945991	2737.88	30953.88
839.7938458481193	2739.72	31169.36
840.2241119377753	2735.7	31200.14
840.6543498637261	2734.56	31882.26
841.0845596261308	2737.5	31506.94
841.5147412251482	2739.4	30476.68
841.9448946609374	2740.66	30346.82
842.3750199336571	2740.32	30708.88
842.8051170434666	2737.26	30982.44
843.2351859905245	2737.86	30815.92
843.6652267749901	2737.4	31253.1
844.095239397022	2734.92	31596.84
844.5252238567795	2740.14	31065.74
844.9551801544214	2735.0	30831.38
845.3851082901067	2738.32	31118.98
845.8150082639943	2739.14	31507.78
846.2448800762432	2736.82	31071.78
846.6747237270125	2737.62	30809.2
847.1045392164608	2738.16	31010.44
847.5343265447474	2736.4	32230.68
847.964085712031	2739.92	32089.16
848.3938167184708	2735.86	30914.82
848.8235195642255	2735.16	30673.32
849.2531942494543	2739.86	31186.84
849.6828407743161	2733.68	31131.2
850.1124591389697	2735.44	30681.94
850.5420493435743	2736.4	30789.8
850.9716113882886	2735.9	30992.48
851.4011452732718	2737.06	31187.18
851.8306509986828	2737.22	31715.72
852.2601285646805	2740.8	31606.02
852.6895779714238	2738.22	32155.38
853.1189992190716	2734.56	33735.14
853.5483923077834	2739.34	34274.4
853.9777572377174	2735.78	32974.58
854.4070940090328	2732.6	32597.52
854.8364026218889	2741.6	32425.0
855.2656830764444	2739.82	31583.48
855.6949353728581	2736.22	31734.38
856.1241595112893	2738.58	32587.34
856.5533554918968	2739.98	33095.94
856.9825233148395	2739.8	32707.36
857.4116629802764	2741.24	31844.96
857.8407744883666	2736.66	31550.54
858.2698578392689	2739.98	31723.62
858.6989130331422	2741.0	31612.94
859.1279400701455	2739.58	32184.28
859.5569389504379	2737.96	32469.88
859.9859096741782	2738.26	32228.5
860.4148522415254	2740.98	32377.8
860.8437666526386	2738.24	31909.58
861.2726529076766	2737.96	31854.34
861.7015110067983	2739.74	32330.58
862.1303409501629	2736.82	32300.9
862.5591427379292	2734.8	31924.98
862.987916370256	2738.74	32215.62
863.4166618473026	2739.24	33289.62
863.8453791692277	2738.34	32701.88
864.2740683361905	2737.12	31655.34
864.7027293483496	2738.92	31384.38
865.1313622058642	2735.62	31283.16
865.5599669088932	2742.56	31112.46
865.9885434575958	2740.98	31016.04
866.4170918521306	2734.98	31247.14
866.8456120926567	2735.56	32341.08
867.274104179333	2739.2	32420.96
867.7025681123185	2737.04	31771.58
868.1310038917723	2741.18	31675.16
868.5594115178532	2737.8	31413.2
868.9877909907201	2736.3	31270.14
869.4161423105321	2736.26	31707.08
869.8444654774481	2740.62	32256.58
870.2727604916272	2736.38	32046.52
870.701027353228	2735.8	32854.8
871.1292660624098	2738.14	33292.86
871.5574766193315	2736.94	32233.28
871.9856590241519	2739.2	31807.22
872.41381327703	2733.7	31636.74
872.841939378125	2736.46	31527.04
873.2700373275956	2738.98	31588.14
873.6981071256008	2740.82	31128.68
874.1261487722996	2739.12	30731.16
874.5541622678509	2735.4	30736.94
874.9821476124139	2735.94	31066.58
875.4101048061472	2738.28	31590.88
875.8380338492099	2741.46	31331.66
876.265934741761	2738.32	31074.62
876.6938074839596	2740.26	31724.96
877.1216520759643	2733.86	31924.88
877.5494685179343	2737.08	32006.12
877.9772568100286	2737.32	33099.1
878.405016952406	2737.74	33259.5
878.8327489452256	2738.18	32537.52
879.2604527886463	2735.84	32546.56
879.688128482827	2742.06	32283.84
880.1157760279267	2737.34	32328.68
880.5433954241045	2739.3	32691.16
880.9709866715191	2737.04	32358.18
881.3985497703296	2739.88	31766.08
881.8260847206949	2735.84	31068.32
882.2535915227742	2737.82	30822.36
882.681070176726	2738.9	30843.92
883.1085206827096	2739.86	31132.98
883.5359430408839	2734.56	31250.5
883.963337251408	2734.02	31472.5
884.3907033144405	2739.6	31646.66
884.8180412301406	2736.52	31795.54
885.2453509986672	2742.82	32452.38
885.6726326201792	2736.96	33090.84
886.0998860948358	2736.46	33020.5
886.5271114227958	2738.12	32382.14
886.9543086042179	2735.26	31964.78
887.3814776392616	2737.94	32002.02
887.8086185280854	2739.42	32306.02
888.2357312708483	2739.92	33191.84
888.6628158677095	2737.56	33002.88
889.0898723188278	2738.12	32315.28
889.5169006243624	2736.8	32220.14
889.9439007844718	2735.6	31914.5
890.3708727993153	2741.46	31547.44
890.7978166690517	2740.22	31429.14
891.2247323938402	2739.86	31412.68
891.6516199738395	2739.34	31986.1
892.0784794092086	2736.98	32291.46
892.5053107001065	2739.82	31934.5
892.9321138466923	2736.08	32152.54
893.3588888491247	2740.56	32243.7
893.7856357075628	2734.84	31937.2
894.2123544221655	2738.76	31912.52
894.639044993092	2739.86	32053.4
895.0657074205009	2738.42	32008.4
895.4923417045513	2739.7	32423.94
895.9189478454022	2738.62	33514.66
896.3455258432125	2735.02	33670.6
896.7720756981413	2737.06	33142.34
897.1985974103474	2737.62	33148.16
897.6250909799897	2735.92	32633.82
898.0515564072274	2740.64	31871.96
898.4779936922192	2735.16	31685.22
898.9044028351242	2734.82	31626.92
899.3307838361014	2737.54	31399.56
899.7571366953097	2737.58	31172.4
900.1834614129081	2740.38	31367.82
900.6097579890554	2736.76	31994.4
901.0360264239107	2737.68	32122.22
901.4622667176329	2738.08	32024.86
901.8884788703812	2739.82	32016.9
902.3146628823141	2740.54	31927.36
902.7408187535909	2737.36	31716.88
903.1669464843704	2734.68	31621.58
903.5930460748118	2740.2	31994.8
904.0191175250739	2737.1	32789.16
904.4451608353155	2740.22	32939.28
904.8711760056956	2738.74	32485.94
905.2971630363735	2735.64	32350.04
905.7231219275078	2736.66	32390.8
906.1490526792576	2736.46	31930.36
906.5749552917817	2738.84	31608.78
907.0008297652395	2736.74	31441.18
907.4266760997893	2738.42	31258.76
907.8524942955906	2735.56	31279.76
908.2782843528021	2733.86	31347.24
908.704046271583	2740.4	31373.36
909.1297800520919	2737.16	31415.28
909.555485694488	2737.88	31430.66
909.9811631989302	2738.64	31328.4
910.4068125655774	2738.3	31344.18
910.8324337945886	2739.0	31477.12
911.2580268861229	2744.06	31764.96
911.6835918403391	2739.62	31999.08
912.1091286573961	2737.46	31784.0
912.5346373374532	2738.94	31660.46
912.9601178806688	2735.38	31306.72
913.3855702872024	2737.44	31183.9
913.8109945572126	2736.8	31383.88
914.2363906908586	2735.66	31617.22
914.6617586882992	2736.92	31731.24
915.0870985496932	2738.88	31611.5
915.5124102752	2736.54	31313.76
915.9376938649782	2736.26	31140.88
916.362949319187	2741.2	30955.84
916.7881766379851	2735.52	30892.16
917.2133758215317	2738.1	30756.92
917.6385468699857	2738.88	30624.44
918.0636897835059	2738.98	30417.12
918.4888045622514	2735.54	30239.72
918.9138912063811	2735.44	30205.9
919.3389497160541	2735.44	30167.38
919.7639800914291	2739.54	29998.34
920.1889823326652	2737.6	30026.58
920.6139564399215	2737.82	30103.66
921.0389024133566	2736.52	30090.3
921.46382025313	2738.5	29977.1
921.8887099594002	2737.12	30049.16
922.3135715323261	2737.48	30540.5
922.7384049720671	2738.22	30551.26
923.1632102787819	2738.98	29977.32
923.5879874526294	2738.24	29715.54
924.0127364937686	2741.46	29492.36
924.4374574023585	2739.6	29378.72
924.8621501785582	2737.24	29309.8
925.2868148225264	2739.86	29234.58
925.711451334422	2740.5	29142.6
926.1360597144043	2738.24	28984.7
926.5606399626321	2740.78	28715.5
926.9851920792643	2734.7	28762.24
927.4097160644599	2739.3	28908.36
927.8342119183777	2735.66	28573.14
928.258679641177	2737.34	28415.5
928.6831192330166	2734.52	28065.48
929.1075306940553	2740.18	27580.14
929.5319140244521	2734.04	27483.74
929.9562692243665	2741.08	27295.88
930.3805962939565	2738.58	27054.5
930.8048952333819	2736.68	27032.38
931.2291660428012	2737.88	26955.9
931.6534087223736	2738.84	26909.52
932.0776232722576	2742.98	26890.02
932.5018096926128	2736.22	26763.66
932.9259679835977	2739.18	26458.4
933.3500981453715	2737.48	26193.14
933.7742001780931	2737.68	26211.38
934.1982740819215	2738.8	25701.84
934.6223198570154	2737.88	25018.46
935.046337503534	2737.34	24443.88
935.4703270216364	2737.84	23911.1
935.8942884114813	2740.68	23341.96
936.3182216732275	2738.64	22651.24
936.7421268070343	2738.84	21974.68
937.1660038130608	2742.48	21419.02
937.5898526914654	2740.8	20921.14
938.0136734424074	2737.66	20321.8
938.4374660660457	2737.78	19832.72
938.8612305625394	2738.46	19550.3
939.2849669320472	2737.12	19342.78
939.7086751747283	2733.58	18833.9
940.1323552907415	2739.48	18394.26
940.5560072802458	2735.98	18166.3
940.9796311434003	2740.42	17951.76
941.4032268803636	2735.96	17782.66
941.826794491295	2737.5	17689.46
942.2503339763533	2740.94	17523.0
942.6738453356977	2736.7	17336.08
943.0973285694868	2740.1	17298.94
943.5207836778796	2735.84	17508.7
943.9442106610354	2740.32	17812.94
944.3676095191129	2737.04	17681.38
944.790980252271	2735.84	17526.3
945.2143228606687	2743.02	17466.86
945.637637344465	2742.12	17451.9
946.0609237038192	2740.28	17504.62
946.4841819388896	2737.26	17515.96
946.9074120498356	2739.12	17541.8
947.330614036816	2737.98	17785.3
947.7537878999898	2738.5	18074.94
948.176933639516	2739.26	18214.04
948.6000512555535	2738.9	18457.78
949.0231407482613	2735.22	19024.68
949.4462021177984	2741.78	19371.14
949.8692353643237	2734.8	19343.94
950.292240487996	2740.52	19421.38
950.7152174889744	2745.0	19553.92
951.1381663674182	2733.9	19892.82
951.5610871234858	2738.88	20262.76
951.9839797573362	2739.88	20688.06
952.4068442691288	2742.56	21206.6
952.8296806590223	2736.6	21532.78
953.2524889271756	2737.4	21036.78
953.6752690737476	2735.68	20540.66
954.0980210988976	2736.78	20323.58
954.5207450027841	2738.76	20186.64
954.9434407855666	2740.04	20238.98
955.3661084474036	2735.7	20243.68
955.7887479884541	2737.32	20242.4
956.2113594088773	2736.78	20358.16
956.6339427088321	2735.44	20500.04
957.0564978884773	2738.38	20770.52
957.4790249479719	2737.94	21035.38
957.9015238874749	2739.78	21423.82
958.3239947071455	2740.08	21730.24
958.7464374071423	2743.9	22025.98
959.1688519876242	2737.52	22078.14
959.5912384487505	2742.1	21995.04
960.01359679068	2737.74	21836.7
960.4359270135716	2735.48	21845.9
960.8582291175843	2739.44	21934.64
961.2805031028771	2737.22	21909.78
961.7027489696089	2741.08	21963.64
962.1249667179388	2741.0	22007.64
962.5471563480256	2737.3	22071.98
962.9693178600282	2735.5	22022.02
963.391451254106	2737.54	21960.0
963.8135565304173	2740.72	21978.08
964.2356336891215	2740.22	22041.98
964.6576827303774	2736.88	22086.74
965.0797036543439	2734.64	22135.28
965.5016964611802	2741.42	22252.14
965.9236611510452	2738.3	22246.78
966.3455977240976	2733.96	22342.44
966.7675061804966	2737.04	22527.18
967.1893865204012	2737.42	22680.86
967.61123874397	2736.62	22773.98
968.0330628513624	2733.36	22878.96
968.454858842737	2736.46	22927.98
968.8766267182532	2737.66	22938.84
969.2983664780695	2739.78	22863.88
969.7200781223451	2737.34	22600.38
970.1417616512389	2738.16	22293.76
970.5634170649098	2733.0	22144.48
970.9850443635169	2737.02	22086.94
971.406643547219	2738.08	22054.14
971.8282146161752	2737.78	22105.92
972.2497575705444	2741.42	22049.26
972.6712724104855	2736.5	22004.56
973.0927591361575	2737.7	21948.54
973.5142177477193	2739.78	21832.34
973.9356482453302	2736.0	21814.46
974.3570506291486	2737.52	21735.9
974.7784248993338	2736.96	21673.44
975.1997710560447	2737.54	21655.92
975.6210890994403	2738.16	21700.46
976.0423790296796	2734.72	21743.08
976.4636408469214	2736.68	21858.02
976.8848745513247	2737.8	21948.94
977.3060801430486	2738.14	22192.76
977.7272576222518	2738.74	22432.6
978.1484069890936	2737.1	22285.78
978.5695282437327	2737.2	21854.72
978.9906213863281	2735.2	21548.78
979.4116864170389	2737.16	21243.46
979.8327233360237	2736.1	21088.98
980.2537321434419	2737.34	21013.96
980.6747128394522	2734.08	21058.64
981.0956654242137	2736.48	21027.72
981.5165898978853	2738.84	20978.04
981.9374862606257	2740.62	20917.64
982.3583545125942	2740.42	20808.5
982.77919465395	2738.48	20694.08
983.200006684851	2734.46	20638.84
983.6207906054576	2738.46	20648.36
984.0415464159274	2739.4	20721.8
984.4622741164206	2740.6	20862.36
984.8829737070952	2737.36	21008.7
985.3036451881105	2741.36	21141.84
985.7242885596255	2737.22	21261.02
986.1449038217992	2738.42	21379.82
986.5654909747906	2736.2	21450.82
986.9860500187581	2736.38	21485.76
987.4065809538615	2733.3	21430.46
987.827083780259	2738.4	21184.16
988.2475584981104	2736.7	20821.72
988.6680051075739	2736.2	20572.2
989.0884236088087	2737.5	20439.0
989.5088140019739	2736.46	20441.64
989.9291762872281	2737.82	20467.08
990.3495104647309	2737.24	20478.74
990.7698165346404	2738.72	20457.84
991.1900944971165	2735.56	20414.2
991.6103443523174	2733.94	20393.76
992.0305661004024	2735.02	20302.52
992.4507597415303	2738.52	20220.74
992.8709252758603	2732.54	20233.16
993.2910627035515	2742.06	20267.72
993.7111720247619	2733.48	20371.88
994.1312532396518	2736.8	20502.82
994.5513063483788	2739.22	20580.64
994.9713313511032	2734.76	20687.4
995.391328247983	2735.48	20743.9
995.8112970391775	2743.56	20719.24
996.2312377248455	2738.92	20576.46
996.6511503051463	2733.3	20353.08
997.0710347802387	2737.06	20171.9
997.4908911502811	2737.76	20032.96
997.9107194154336	2737.02	19944.08
998.3305195758539	2741.66	19754.34
998.7502916317021	2738.82	19582.56
999.1700355831365	2735.24	19504.22
999.5897514303161	2734.32	19463.48
1000.0094391734	2737.9	19500.06
1000.4290988125471	2735.16	19479.84
1000.8487303479166	2734.98	19429.04
1001.2683337796666	2739.38	19339.28
1001.6879091079572	2733.98	19222.76
1002.1074563329468	2740.98	19104.64
1002.5269754547943	2739.52	19066.94
1002.9464664736588	2737.58	19043.96
1003.3659293896992	2735.26	19059.54
1003.7853642030747	2740.84	19135.6
1004.2047709139435	2738.66	19205.02
1004.6241495224656	2736.8	19285.5
1005.043500028799	2739.78	19304.34
1005.4628224331036	2738.4	19218.12
1005.8821167355376	2738.62	19080.3
1006.3013829362602	2738.98	18880.64
1006.7206210354304	2738.36	18638.28
1007.1398310332072	2737.46	18373.24
1007.5590129297498	2738.94	18191.04
1007.9781667252163	2742.92	18063.58
1008.3972924197667	2739.06	18061.1
1008.816390013559	2739.44	18000.94
1009.2354595067532	2740.08	17995.62
1009.6545008995073	2737.62	18015.82
1010.0735141919807	2738.44	17973.08
1010.4924993843324	2734.44	17875.64
1010.9114564767211	2736.66	17802.2
1011.3303854693064	2737.86	17742.9
1011.7492863622462	2737.92	17640.6
1012.1681591557006	2737.78	17586.82
1012.5870038498275	2739.86	17585.28
1013.0058204447865	2738.22	17611.06
1013.4246089407366	2741.3	17705.46
1013.8433693378364	2735.64	17732.34
1014.2621016362453	2735.26	17724.24
1014.6808058361216	2736.88	17653.36
1015.0994819376251	2742.42	17542.82
1015.5181299409139	2737.92	17311.24
1015.9367498461477	2738.8	17075.96
1016.355341653485	2739.16	16859.38
1016.7739053630847	2736.12	16624.32
1017.1924409751063	2736.6	16479.82
1017.6109484897081	2736.76	16391.52
1018.0294279070497	2738.58	16318.54
1018.4478792272893	2739.42	16239.68
1018.8663024505867	2739.52	16220.66
1019.2846975770999	2737.22	16111.82
1019.7030646069891	2737.36	16011.7
1020.1214035404121	2742.8	15883.8
1020.5397143775284	2736.68	15802.16
1020.9579971184968	2738.14	15714.64
1021.3762517634764	2736.78	15692.48
1021.7944783126263	2742.96	15700.82
1022.2126767661049	2739.88	15672.16
1022.6308471240718	2739.76	15734.64
1023.0489893866854	2738.16	15709.16
1023.4671035541052	2739.96	15771.04
1023.8851896264897	2739.6	15712.6
1024.3032476039982	2737.74	15600.62
1024.7212774867894	2739.32	15451.8
1025.139279275022	2742.18	15343.7
1025.5572529688561	2740.52	15130.76
1025.975198568449	2738.44	14962.94
1026.3931160739612	2742.16	14820.12
1026.8110054855508	2737.8	14668.5
1027.2288668033768	2733.92	14583.72
1027.6467000275984	2738.32	14463.86
1028.0645051583747	2735.9	14388.06
1028.4822821958642	2743.22	14333.14
1028.9000311402258	2737.2	14248.96
1029.3177519916192	2736.84	14214.46
1029.7354447502025	2737.34	14164.52
1030.1531094161355	2737.38	14050.94
1030.5707459895766	2737.22	13974.5
1030.9883544706847	2742.12	13873.42
1031.405934859619	2736.14	13817.58
1031.8234871565385	2736.18	13768.48
1032.2410113616022	2740.9	13721.46
1032.6585074749682	2734.4	13706.52
1033.075975496797	2736.02	13695.1
1033.4934154272464	2736.26	13674.86
1033.9108272664757	2737.04	13587.8
1034.3282110146438	2736.76	13527.36
1034.7455666719097	2735.36	13427.84
1035.1628942384325	2737.9	13317.94
1035.5801937143706	2739.56	13198.68
1035.997465099884	2739.7	13048.76
1036.4147083951304	2743.52	12857.2
1036.83192360027	2736.9	12720.08
1037.249110715461	2738.42	12573.76
1037.6662697408622	2740.86	12402.36
1038.083400676633	2739.6	12320.08
1038.5005035229324	2736.82	12258.8
1038.917578279919	2738.42	12187.4
1039.334624947752	2736.74	12068.36
1039.7516435265904	2741.16	11982.3
1040.1686340165927	2738.04	11887.68
1040.5855964179186	2735.02	11827.86
1041.0025307307267	2738.58	11761.46
1041.4194369551758	2733.62	11687.4
1041.836315091425	2739.2	11654.62
1042.2531651396332	2734.52	11596.96
1042.6699870999596	2738.84	11527.62
1043.0867809725626	2736.68	11490.5
1043.5035467576022	2735.38	11405.82
1043.920284455236	2740.08	11288.0
1044.3369940656241	2738.96	11120.1
1044.7536755889246	2736.48	10975.72
1045.1703290252972	2737.78	10819.0
1045.5869543749004	2739.3	10705.08
1046.0035516378932	2737.52	10610.1
1046.420120814435	2735.24	10535.74
1046.836661904684	2743.06	10465.06
1047.2531749087996	2739.94	10394.02
1047.669659826941	2740.38	10305.88
1048.0861166592665	2738.38	10207.54
1048.5025454059355	2736.86	10132.3
1048.918946067107	2738.74	10106.2
1049.3353186429401	2737.62	10076.04
1049.7516631335932	2737.92	10053.02
1050.1679795392256	2738.5	10012.2
1050.584267859996	2739.04	9954.76
1051.000528096064	2737.58	9904.32
1051.4167602475882	2734.52	9775.64
1051.8329643147272	2736.62	9626.1
1052.2491402976402	2740.88	9465.66
1052.6652881964865	2737.82	9317.62
1053.0814080114246	2736.78	9206.98
1053.4974997426134	2735.26	9112.14
1053.9135633902124	2736.42	9062.22
1054.3295989543803	2737.92	8981.86
1054.745606435276	2736.78	8917.86
1055.161585833058	2737.08	8861.28
1055.5775371478862	2737.62	8841.8
1055.9934603799193	2741.64	8810.18
1056.4093555293155	2737.98	8766.96
1056.8252225962347	2738.26	8738.52
1057.241061580835	2739.54	8683.28
1057.6568724832762	2739.0	8599.96
1058.0726553037168	2735.08	8498.82
1058.4884100423158	2738.68	8391.1
1058.9041366992321	2736.02	8267.78
1059.319835274625	2736.12	8147.28
1059.7355057686532	2735.38	8071.52
1060.1511481814753	2743.04	8000.74
1060.566762513251	2736.66	7960.24
1060.9823487641386	2738.1	7916.16
1061.3979069342975	2743.98	7839.08
1061.8134370238865	2741.4	7780.76
1062.2289390330645	2739.34	7739.68
1062.6444129619906	2736.16	7715.94
1063.0598588108235	2739.2	7697.76
1063.4752765797227	2736.56	7680.36
1063.8906662688464	2742.74	7638.4
1064.3060278783541	2737.0	7596.18
1064.7213614084048	2738.94	7545.2
1065.1366668591572	2737.3	7457.46
1065.55194423077	2735.2	7364.42
1065.9671935234028	2738.12	7300.56
1066.3824147372145	2740.86	7205.72
1066.797607872363	2738.84	7143.88
1067.212772929009	2744.18	7120.64
1067.6279099073097	2738.46	7074.02
1068.0430188074254	2739.52	7032.66
1068.4580996295144	2738.88	7000.12
1068.8731523737358	2738.74	6974.72
1069.2881770402482	2740.16	6964.22
1069.7031736292113	2741.68	6943.22
1070.1181421407837	2736.92	6875.94
1070.5330825751241	2739.24	6807.08
1070.947994932392	2737.28	6729.24
1071.3628792127458	2738.9	6634.62
1071.777735416345	2739.98	6548.98
1072.192563543348	2739.0	6488.02
1072.6073635939138	2738.88	6433.16
1073.022135568202	2737.44	6395.82
1073.4368794663708	2742.0	6367.48
1073.85159528858	2736.32	6314.2
1074.2662830349875	2737.28	6289.68
1074.6809427057533	2739.76	6261.02
1075.0955743010354	2737.22	6236.64
1075.5101778209932	2743.0	6223.6
1075.9247532657862	2738.18	6197.88
1076.3393006355725	2736.22	6151.46
1076.7538199305118	2741.52	6097.12
1077.168311150762	2736.68	6027.38
1077.5827742964832	2740.1	5960.38
1077.9972093678334	2734.68	5885.64
1078.4116163649728	2744.7	5849.44
1078.8259952880592	2740.36	5780.22
1079.2403461372521	2740.6	5739.66
1079.65466891271	2742.48	5725.0
1080.0689636145921	2739.24	5702.46
1080.4832302430582	2735.48	5660.9
1080.8974687982657	2738.8	5621.84
1081.3116792803748	2740.48	5597.96
1081.7258616895435	2741.42	5572.56
1082.1400160259318	2737.8	5539.84
1082.554142289698	2738.18	5510.22
1082.968240481001	2739.66	5467.12
1083.3823105999998	2733.84	5407.84
1083.7963526468538	2733.86	5356.4
1084.210366621722	2741.3	5314.08
1084.6243525247623	2740.1	5254.68
1085.0383103561346	2737.9	5202.08
1085.452240115998	2737.5	5156.28
1085.8661418045108	2739.38	5125.16
1086.280015421832	2737.32	5082.54
1086.693860968121	2738.02	5066.06
1087.1076784435372	2737.7	5027.92
1087.521467848238	2738.2	5010.5
1087.9352291823836	2734.82	4975.82
1088.3489624461326	2740.76	4944.28
1088.7626676396444	2738.18	4888.54
1089.1763447630772	2734.34	4849.6
1089.5899938165905	2741.44	4792.2
1090.0036148003428	2735.98	4731.48
1090.4172077144935	2735.48	4672.92
1090.8307725592015	2740.8	4618.46
1091.2443093346253	2737.58	4566.86
1091.6578180409247	2742.5	4521.84
1092.0712986782578	2738.74	4481.16
1092.484751246784	2739.02	4437.82
1092.8981757466622	2742.88	4398.32
1093.3115721780514	2734.06	4356.2
1093.7249405411105	2735.34	4319.64
1094.1382808359983	2735.02	4282.08
1094.5515930628744	2736.68	4248.36
1094.9648772218966	2737.84	4198.16
1095.3781333132251	2734.08	4153.82
1095.791361337018	2736.44	4116.66
1096.2045612934346	2738.04	4072.62
1096.6177331826339	2738.34	4030.04
1097.0308770047745	2735.28	3980.1
1097.443992760016	2734.36	3942.56
1097.8570804485166	2735.08	3906.26
1098.2701400704364	2737.46	3873.92
1098.6831716259326	2731.04	3839.18
1099.096175115166	2738.82	3805.22
1099.5091505382943	2735.14	3765.54
1099.9220978954768	2735.7	3732.52
1100.3350171868726	2735.1	3698.98
1100.7479084126408	2736.94	3659.74
1101.1607715729401	2737.92	3620.32
1101.5736066679292	2735.32	3591.02
1101.9864136977678	2734.16	3552.52
1102.399192662614	2736.42	3523.34
1102.8119435626274	2736.7	3491.2
1103.224666397967	2731.96	3458.72
1103.6373611687914	2733.58	3434.72
1104.0500278752593	2730.84	3403.58
1104.4626665175301	2730.62	3379.9
1104.8752770957633	2732.76	3350.78
1105.2878596101164	2734.8	3322.98
1105.7004140607498	2733.8	3295.32
1106.1129404478218	2731.16	3274.02
1106.525438771491	2729.2	3249.08
1106.9379090319171	2731.1	3227.9
1107.3503512292586	2735.38	3219.72
1107.7627653636748	2734.02	3197.76
1108.175151435324	2731.08	3168.66
1108.587509444366	2734.68	3120.4
1108.9998393909593	2729.7	3081.32
1109.4121412752631	2731.08	3042.86
1109.8244150974358	2709.74	2711.3
1110.236660857637	2711.12	2718.84
1110.6488785560252	2711.08	2717.86
1111.0610681927596	2710.26	2716.54
