wavelength	dark	baseline
198.91391	3569.0	3581.0
199.38441409499546	2598.0	2604.0
199.85488980008793	2756.0	2773.0
200.3253371154363	2732.0	2742.0
200.79575604119955	2784.0	2867.0
201.26614657753663	2783.0	2856.0
201.7365087246065	2785.0	2879.0
202.20684248256813	2790.0	2891.0
202.67714785158046	2784.0	2916.0
203.14742483180245	2782.0	2929.0
203.61767342339306	2779.0	2927.0
204.0878936265113	2788.0	2924.0
204.55808544131605	2784.0	2936.0
205.02824886796625	2777.0	2937.0
205.49838390662097	2785.0	2933.0
205.9684905574391	2799.0	2939.0
206.4385688205796	2781.0	2919.0
206.90861869620147	2787.0	2930.0
207.3786401844636	2786.0	2926.0
207.84863328552498	2783.0	2939.0
208.31859799954458	2774.0	2921.0
208.78853432668134	2795.0	2947.0
209.25844226709424	2785.0	2942.0
209.72832182094223	2794.0	2929.0
210.19817298838424	2795.0	2946.0
210.66799576957928	2788.0	2942.0
211.13779016468627	2783.0	2957.0
211.60755617386417	2797.0	2940.0
212.07729379727198	2789.0	2932.0
212.5470030350686	2784.0	2936.0
213.01668388741302	2788.0	2946.0
213.4863363544642	2792.0	2917.0
213.95596043638108	2798.0	2955.0
214.42555613332266	2782.0	2938.0
214.8951234454478	2793.0	2951.0
215.36466237291557	2797.0	2938.0
215.83417291588492	2796.0	2976.0
216.30365507451472	2793.0	2949.0
216.77310884896397	2801.0	2952.0
217.24253423939172	2793.0	2939.0
217.71193124595678	2800.0	2939.0
218.1812998688182	2798.0	2938.0
218.65064010813492	2805.0	2947.0
219.1199519640659	2800.0	2951.0
219.58923543677008	2797.0	2934.0
220.05849052640644	2798.0	2961.0
220.52771723313393	2793.0	2942.0
220.99691555711152	2801.0	2957.0
221.46608549849813	2797.0	2978.0
221.93522705745278	2816.0	2961.0
222.40434023413437	2805.0	2968.0
222.8734250287019	2803.0	2954.0
223.34248144131428	2824.0	2964.0
223.81150947213052	2810.0	2982.0
224.28050912130956	2800.0	2974.0
224.74948038901036	2805.0	2962.0
225.21842327539184	2797.0	2993.0
225.68733778061303	2801.0	2991.0
226.15622390483284	2817.0	3015.0
226.62508164821026	2798.0	2994.0
227.0939110109042	2800.0	3029.0
227.56271199307366	2813.0	3023.0
228.03148459487758	2807.0	3048.0
228.5002288164749	2800.0	3052.0
228.96894465802464	2803.0	3090.0
229.4376321196857	2810.0	3116.0
229.90629120161705	2789.0	3139.0
230.37492190397768	2813.0	3174.0
230.84352422692655	2807.0	3220.0
231.31209817062256	2796.0	3231.0
231.78064373522471	2797.0	3283.0
232.24916092089194	2804.0	3352.0
232.71764972778323	2796.0	3420.0
233.18611015605757	2804.0	3487.0
233.6545422058738	2782.0	3553.0
234.122945877391	2806.0	3664.0
234.59132117076808	2807.0	3742.0
235.059668086164	2803.0	3850.0
235.52798662373772	2796.0	3942.0
235.99627678364817	2806.0	4087.0
236.4645385660544	2797.0	4206.0
236.93277197111524	2790.0	4356.0
237.40097699898976	2810.0	4476.0
237.86915364983687	2801.0	4643.0
238.33730192381555	2810.0	4828.0
238.80542182108468	2802.0	4926.0
239.27351334180332	2799.0	5120.0
239.74157648613038	2822.0	5311.0
240.20961125422477	2797.0	5510.0
240.6776176462456	2795.0	5699.0
241.14559566235164	2802.0	5911.0
241.61354530270202	2806.0	6086.0
242.08146656745555	2796.0	6259.0
242.5493594567713	2812.0	6527.0
243.01722397080817	2807.0	6646.0
243.48506010972517	2809.0	6795.0
243.95286787368119	2802.0	7021.0
244.42064726283522	2805.0	7239.0
244.88839827734623	2803.0	7491.0
245.35612091737318	2813.0	7653.0
245.823815183075	2802.0	7826.0
246.29148107461066	2797.0	8084.0
246.75911859213912	2799.0	8149.0
247.22672773581934	2814.0	8323.0
247.69430850581028	2812.0	8460.0
248.16186090227094	2795.0	8704.0
248.62938492536023	2806.0	8796.0
249.0968805752371	2803.0	9000.0
249.56434785206048	2809.0	9158.0
250.0317867559894	2794.0	9307.0
250.49919728718282	2809.0	9440.0
250.96657944579965	2814.0	9612.0
251.43393323199888	2802.0	9715.0
251.9012586459394	2798.0	9905.0
252.36855568778032	2801.0	9946.0
252.8358243576804	2797.0	10034.0
253.3030646557988	2821.0	10116.0
253.77027658229431	2809.0	10311.0
254.237460137326	2798.0	10382.0
254.70461532105276	2799.0	10467.0
255.17174213363356	2794.0	10559.0
255.63884057522742	2810.0	10668.0
256.1059106459933	2809.0	10807.0
256.57295234609	2796.0	10857.0
257.0399656756766	2813.0	10912.0
257.50695063491213	2803.0	10905.0
257.97390722395534	2798.0	11038.0
258.44083544296547	2818.0	11188.0
258.9077352921013	2794.0	11328.0
259.37460677152166	2812.0	11219.0
259.84144988138576	2809.0	11291.0
260.30826462185246	2791.0	11308.0
260.7750509930807	2817.0	11313.0
261.2418089952295	2817.0	11466.0
261.7085386284577	2814.0	11372.0
262.17523989292437	2800.0	11300.0
262.64191278878843	2797.0	11339.0
263.1085573162089	2821.0	11264.0
263.57517347534457	2796.0	11392.0
264.04176126635457	2802.0	11510.0
264.50832068939775	2806.0	11496.0
264.9748517446332	2791.0	11570.0
265.4413544322197	2799.0	11662.0
265.9078287523164	2809.0	11622.0
266.37427470508203	2796.0	11704.0
266.84069229067575	2803.0	11753.0
267.3070815092564	2800.0	11682.0
267.77344236098304	2791.0	11749.0
268.23977484601454	2800.0	11668.0
268.70607896450997	2805.0	11818.0
269.1723547166281	2812.0	11826.0
269.63860210252807	2806.0	11907.0
270.1048211223687	2788.0	11828.0
270.5710117763091	2795.0	11937.0
271.03717406450806	2805.0	11894.0
271.5033079871246	2803.0	12023.0
271.9694135443178	2813.0	11934.0
272.4354907362465	2810.0	11914.0
272.9015395630696	2810.0	12102.0
273.36756002494616	2792.0	11979.0
273.8335521220352	2803.0	12112.0
274.2995158544955	2793.0	12085.0
274.76545122248615	2801.0	12156.0
275.23135822616604	2807.0	12218.0
275.6972368656942	2805.0	12317.0
276.1630871412295	2798.0	12359.0
276.628909052931	2807.0	12411.0
277.0947026009576	2799.0	12600.0
277.5604677854682	2801.0	12628.0
278.02620460662183	2800.0	12485.0
278.4919130645775	2809.0	12413.0
278.95759315949397	2804.0	12371.0
279.4232448915305	2814.0	12417.0
279.8888682608458	2811.0	12441.0
280.35446326759893	2796.0	12471.0
280.82002991194884	2804.0	12439.0
281.2855681940544	2810.0	12624.0
281.75107811407474	2817.0	12814.0
282.2165596721688	2800.0	12924.0
282.68201286849524	2808.0	13118.0
283.14743770321337	2795.0	13310.0
283.612834176482	2817.0	13263.0
284.0782022884602	2806.0	13581.0
284.5435420393067	2804.0	13616.0
285.00885342918065	2805.0	13621.0
285.474136458241	2807.0	13926.0
285.93939112664657	2809.0	13923.0
286.4046174345565	2811.0	14000.0
286.8698153821296	2798.0	14030.0
287.33498496952495	2810.0	14181.0
287.8001261969014	2796.0	14242.0
288.26523906441804	2813.0	14466.0
288.7303235722336	2809.0	14547.0
289.1953797205073	2814.0	14560.0
289.6604075093979	2800.0	14767.0
290.1254069390645	2791.0	14820.0
290.5903780096659	2794.0	14884.0
291.0553207213613	2799.0	14986.0
291.52023507430937	2813.0	14989.0
291.98512106866934	2812.0	15109.0
292.44997870459997	2789.0	15142.0
292.9148079822603	2794.0	15352.0
293.3796089018093	2807.0	15455.0
293.84438146340597	2791.0	15563.0
294.3091256672091	2803.0	15667.0
294.7738415133777	2818.0	15782.0
295.23852900207095	2808.0	15774.0
295.70318813344755	2805.0	15933.0
296.1678189076665	2812.0	15965.0
296.6324213248868	2798.0	16002.0
297.0969953852676	2800.0	16072.0
297.56154108896754	2805.0	16073.0
298.0260584361457	2795.0	16293.0
298.49054742696103	2804.0	16166.0
298.9550080615726	2793.0	16324.0
299.4194403401392	2807.0	16402.0
299.88384426281993	2804.0	16518.0
300.34821982977365	2805.0	16551.0
300.8125670411594	2798.0	16478.0
301.276885897136	2798.0	16631.0
301.7411763978626	2803.0	16633.0
302.205438543498	2789.0	16657.0
302.6696723342012	2815.0	16589.0
303.1338777701312	2796.0	16766.0
303.598054851447	2807.0	16741.0
304.0622035783074	2806.0	16724.0
304.5263239508714	2811.0	16960.0
304.9904159692982	2795.0	17083.0
305.4544796337465	2801.0	16820.0
305.91851494437526	2793.0	16977.0
306.38252190134347	2808.0	16887.0
306.8465005048102	2812.0	16990.0
307.3104507549344	2811.0	16985.0
307.77437265187484	2817.0	17022.0
308.2382661957906	2787.0	16950.0
308.70213138684073	2814.0	17134.0
309.16596822518403	2802.0	17104.0
309.6297767109795	2809.0	17226.0
310.09355684438617	2803.0	17111.0
310.55730862556294	2800.0	17134.0
311.0210320546688	2799.0	17192.0
311.48472713186266	2794.0	17195.0
311.94839385730353	2803.0	17277.0
312.4120322311503	2800.0	17085.0
312.87564225356203	2795.0	17155.0
313.3392239246976	2806.0	17103.0
313.80277724471597	2800.0	17138.0
314.2663022137761	2806.0	17118.0
314.729798832037	2812.0	17127.0
315.19326709965765	2810.0	16978.0
315.6567070167969	2806.0	17173.0
316.1201185836137	2809.0	17039.0
316.5835018002672	2809.0	16994.0
317.0468566669162	2799.0	16988.0
317.5101831837196	2804.0	16951.0
317.97348135083644	2799.0	17059.0
318.43675116842576	2804.0	17238.0
318.89999263664646	2804.0	16929.0
319.3632057556574	2807.0	16918.0
319.8263905256176	2801.0	16972.0
320.2895469466862	2792.0	16990.0
320.7526750190219	2798.0	16937.0
321.21577474278376	2800.0	16857.0
321.6788461181307	2798.0	16791.0
322.1418891452218	2809.0	16878.0
322.6049038242158	2812.0	16805.0
323.0678901552719	2786.0	16850.0
323.5308481385489	2818.0	16879.0
323.99377777420585	2802.0	16777.0
324.45667906240163	2806.0	16787.0
324.9195520032952	2810.0	16876.0
325.3823965970456	2799.0	16686.0
325.84521284381174	2810.0	16834.0
326.3080007437526	2800.0	16779.0
326.77076029702704	2798.0	16746.0
327.23349150379414	2815.0	16737.0
327.6961943642128	2796.0	16749.0
328.15886887844204	2801.0	16669.0
328.6215150466407	2787.0	16658.0
329.0841328689678	2799.0	16764.0
329.54672234558234	2800.0	16595.0
330.0092834766433	2787.0	16600.0
330.4718162623096	2797.0	16521.0
330.9343207027401	2801.0	16638.0
331.39679679809376	2803.0	16516.0
331.8592445485298	2797.0	16691.0
332.32166395420694	2793.0	16446.0
332.78405501528414	2802.0	16520.0
333.2464177319205	2803.0	16429.0
333.7087521042748	2795.0	16457.0
334.1710581325062	2810.0	16324.0
334.63333581677347	2808.0	16429.0
335.09558515723563	2809.0	16242.0
335.5578061540517	2798.0	16320.0
336.01999880738066	2805.0	16284.0
336.48216311738133	2804.0	16328.0
336.94429908421273	2810.0	16187.0
337.4064067080338	2804.0	16354.0
337.8684859890036	2803.0	16253.0
338.33053692728106	2813.0	16195.0
338.792559523025	2806.0	16223.0
339.25455377639446	2803.0	16142.0
339.7165196875485	2808.0	16147.0
340.17845725664597	2801.0	16018.0
340.6403664838458	2817.0	16109.0
341.102247369307	2787.0	16066.0
341.5640999131886	2801.0	16271.0
342.0259241156495	2816.0	16030.0
342.48771997684855	2791.0	16048.0
342.94948749694487	2804.0	15937.0
343.41122667609733	2808.0	15904.0
343.8729375144649	2807.0	15943.0
344.3346200122066	2799.0	15809.0
344.7962741694812	2805.0	15747.0
345.2578999864479	2814.0	15767.0
345.7194974632656	2782.0	15696.0
346.1810666000931	2796.0	15673.0
346.6426073970895	2804.0	15537.0
347.10411985441374	2805.0	15606.0
347.56560397222484	2797.0	15465.0
348.0270597506816	2812.0	15445.0
348.48848718994304	2820.0	15453.0
348.94988629016814	2809.0	15428.0
349.411257051516	2794.0	15147.0
349.8725994741454	2799.0	15216.0
350.3339135582152	2801.0	15159.0
350.79519930388454	2801.0	14992.0
351.2564567113124	2809.0	14935.0
351.7176857806577	2795.0	14902.0
352.17888651207926	2794.0	14700.0
352.6400589057362	2798.0	14801.0
353.1012029617875	2800.0	14599.0
353.562318680392	2800.0	14571.0
354.0234060617087	2813.0	14498.0
354.4844651058965	2793.0	14224.0
354.9454958131145	2793.0	14084.0
355.4064981835216	2807.0	14081.0
355.8674722172767	2803.0	13878.0
356.32841791453876	2801.0	13834.0
356.7893352754668	2804.0	13755.0
357.2502243002198	2803.0	13557.0
357.71108498895666	2806.0	13569.0
358.1719173418363	2795.0	13728.0
358.6327213590178	2802.0	14036.0
359.09349704066	2848.0	14279.0
359.5542443869219	2809.0	14595.0
360.01496339796245	2800.0	14950.0
360.47565407394063	2797.0	15159.0
360.9363164150155	2803.0	15347.0
361.3969504213458	2809.0	15328.0
361.8575560930906	2812.0	15345.0
362.31813343040886	2787.0	15136.0
362.77868243345955	2799.0	15131.0
363.2392031024017	2801.0	15118.0
363.6996954373941	2809.0	15270.0
364.16015943859577	2798.0	15159.0
364.6205951061657	2805.0	15165.0
365.0810024402629	2784.0	15033.0
365.5413814410462	2799.0	14892.0
366.0017321086746	2809.0	15035.0
366.4620544433072	2808.0	15059.0
366.9223484451028	2793.0	15121.0
367.38261411422036	2816.0	15104.0
367.84285145081884	2804.0	15026.0
368.30306045505733	2814.0	15054.0
368.76324112709466	2787.0	14907.0
369.22339346708986	2805.0	14945.0
369.6835174752017	2799.0	15013.0
370.1436131515895	2799.0	14863.0
370.6036804964119	2787.0	14729.0
371.063719509828	2807.0	14863.0
371.52373019199666	2797.0	14757.0
371.98371254307693	2793.0	14714.0
372.4436665632278	2796.0	14715.0
372.9035922526082	2795.0	14787.0
373.3634896113769	2799.0	14725.0
373.8233586396931	2805.0	14743.0
374.28319933771576	2800.0	14810.0
374.7430117056037	2801.0	14896.0
375.2027957435159	2807.0	14901.0
375.66255145161136	2817.0	15134.0
376.1222788300491	2793.0	15075.0
376.58197787898797	2789.0	15115.0
377.0416485985869	2808.0	15187.0
377.501290989005	2809.0	15284.0
377.96090505040115	2804.0	15423.0
378.4204907829342	2800.0	15687.0
378.8800481867633	2811.0	15818.0
379.3395772620473	2800.0	15915.0
379.79907800894523	2804.0	16163.0
380.25855042761594	2799.0	15926.0
380.7179945182184	2805.0	15705.0
381.17741028091166	2792.0	15777.0
381.6367977158547	2809.0	15696.0
382.09615682320634	2800.0	15745.0
382.5554876031256	2817.0	15819.0
383.01479005577147	2807.0	15985.0
383.4740641813028	2809.0	15793.0
383.9333099798788	2802.0	15802.0
384.3925274516582	2816.0	15847.0
384.8517165968	2797.0	15866.0
385.31087741546315	2808.0	15875.0
385.77000990780664	2812.0	15704.0
386.2291140739895	2808.0	15768.0
386.68818991417055	2805.0	15736.0
387.14723742850884	2809.0	15924.0
387.60625661716335	2795.0	16035.0
388.06524748029295	2793.0	16305.0
388.5242100180566	2807.0	16328.0
388.9831442306133	2791.0	16393.0
389.4420501181221	2810.0	16227.0
389.9009276807418	2805.0	15990.0
390.3597769186314	2804.0	15934.0
390.81859783194983	2802.0	15937.0
391.27739042085625	2793.0	16114.0
391.73615468550935	2800.0	16413.0
392.1948906260683	2809.0	16781.0
392.6535982426919	2794.0	17215.0
393.1122775355392	2807.0	17620.0
393.57092850476914	2799.0	17594.0
394.0295511505406	2793.0	17149.0
394.48814547301265	2801.0	16611.0
394.9467114723442	2790.0	16573.0
395.4052491486942	2792.0	16675.0
395.8637585022217	2791.0	16488.0
396.3222395330855	2800.0	16478.0
396.7806922414447	2804.0	16756.0
397.2391166274582	2806.0	16845.0
397.69751269128494	2818.0	17187.0
398.1558804330839	2804.0	17946.0
398.614219853014	2783.0	18075.0
399.0725309512343	2808.0	18317.0
399.53081372790365	2787.0	17930.0
399.989068183181	2811.0	17528.0
400.44729431722544	2801.0	17197.0
400.9054921301958	2809.0	17134.0
401.36366162225113	2811.0	16951.0
401.8218027935503	2798.0	16861.0
402.27991564425236	2812.0	16824.0
402.7380001745162	2790.0	16830.0
403.1960563845008	2807.0	16691.0
403.6540842743651	2804.0	16777.0
404.11208384426806	2796.0	16760.0
404.5700550943687	2790.0	16866.0
405.02799802482593	2791.0	17088.0
405.48591263579874	2801.0	17317.0
405.9437989274459	2809.0	17396.0
406.40165689992676	2809.0	16978.0
406.8594865533999	2791.0	16592.0
407.31728788802445	2803.0	16397.0
407.77506090395934	2802.0	16377.0
408.2328056013635	2809.0	16606.0
408.69052198039606	2798.0	16886.0
409.14821004121575	2797.0	16961.0
409.6058697839816	2792.0	16726.0
410.06350120885253	2790.0	16695.0
410.52110431598766	2804.0	16562.0
410.97867910554584	2798.0	16509.0
411.436225577686	2797.0	16502.0
411.8937437325671	2797.0	16653.0
412.3512335703482	2793.0	16710.0
412.80869509118816	2795.0	16895.0
413.26612829524595	2798.0	17001.0
413.7235331826805	2801.0	17006.0
414.1809097536509	2797.0	16862.0
414.638258008316	2823.0	16670.0
415.09557794683474	2802.0	16623.0
415.5528695693661	2808.0	16561.0
416.0101328760691	2799.0	16517.0
416.4673678671027	2807.0	16705.0
416.92457454262575	2806.0	16544.0
417.38175290279725	2813.0	16522.0
417.8389029477762	2803.0	16514.0
418.29602467772156	2803.0	16554.0
418.75311809279225	2809.0	16524.0
419.21018319314726	2816.0	16528.0
419.66721997894547	2799.0	16660.0
420.124228450346	2795.0	16809.0
420.5812086075077	2801.0	17250.0
421.0381604505895	2789.0	17633.0
421.49508397975035	2803.0	18233.0
421.9519791951493	2800.0	18706.0
422.40884609694535	2795.0	18527.0
422.8656846852973	2798.0	18065.0
423.3224949603641	2805.0	17762.0
423.779276922305	2803.0	17571.0
424.2360305712786	2796.0	17379.0
424.692755907444	2810.0	17455.0
425.14945293096014	2793.0	17631.0
425.606121641986	2816.0	17517.0
426.0627620406807	2806.0	17116.0
426.51937412720287	2801.0	16691.0
426.9759579017117	2817.0	16653.0
427.4325133643661	2819.0	16880.0
427.88904051532506	2787.0	17112.0
428.3455393547475	2804.0	17213.0
428.8020098827922	2813.0	17488.0
429.2584520996184	2803.0	17911.0
429.71486600538503	2805.0	18694.0
430.17125160025086	2789.0	19237.0
430.627608884375	2796.0	19326.0
431.0839378579163	2796.0	19243.0
431.54023852103387	2813.0	18432.0
431.9965108738866	2798.0	17650.0
432.45275491663335	2795.0	17083.0
432.9089706494331	2804.0	17083.0
433.365158072445	2806.0	17026.0
433.82131718582787	2807.0	16793.0
434.2774479897406	2809.0	16834.0
434.7335504843423	2814.0	16611.0
435.18962466979184	2799.0	16912.0
435.6456705462482	2793.0	17054.0
436.10168811387024	2806.0	17335.0
436.557677372817	2804.0	17614.0
437.01363832324756	2790.0	17763.0
437.4695709653207	2808.0	17238.0
437.92547529919545	2811.0	17074.0
438.3813513250307	2814.0	17336.0
438.83719904298556	2809.0	17490.0
439.2930184532189	2812.0	17221.0
439.74880955588964	2794.0	16942.0
440.20457235115674	2797.0	16765.0
440.6603068391792	2799.0	16883.0
441.116013020116	2803.0	17183.0
441.57169089412605	2794.0	17591.0
442.02734046136834	2798.0	17723.0
442.4829617220018	2805.0	17416.0
442.93855467618545	2810.0	17630.0
443.3941193240782	2801.0	17958.0
443.84965566583895	2792.0	17912.0
444.3051637016267	2797.0	17911.0
444.76064343160056	2809.0	17694.0
445.21609485591927	2820.0	17637.0
445.67151797474185	2798.0	17901.0
446.12691278822734	2788.0	17962.0
446.58227929653464	2801.0	17972.0
447.0376174998227	2799.0	18241.0
447.49292739825046	2790.0	17979.0
447.9482089919769	2796.0	18006.0
448.40346228116107	2807.0	17945.0
448.85868726596186	2789.0	17658.0
449.31388394653806	2797.0	17799.0
449.76905232304887	2800.0	17642.0
450.2241923956532	2806.0	17664.0
450.6793041645099	2813.0	17444.0
451.134387629778	2798.0	17569.0
451.5894427916165	2807.0	17439.0
452.04446965018434	2783.0	17391.0
452.4994682056403	2804.0	17278.0
452.9544384581436	2790.0	17060.0
453.4093804078531	2798.0	16764.0
453.86429405492777	2803.0	16551.0
454.31917939952643	2795.0	16323.0
454.7740364418083	2798.0	16372.0
455.22886518193206	2804.0	16581.0
455.68366562005696	2809.0	16577.0
456.13843775634166	2810.0	16422.0
456.5931815909453	2816.0	16467.0
457.04789712402675	2787.0	16606.0
457.5025843557451	2804.0	16710.0
457.9572432862592	2793.0	16581.0
458.41187391572805	2804.0	16753.0
458.8664762443105	2809.0	16576.0
459.32105027216573	2808.0	16480.0
459.77559599945243	2781.0	16561.0
460.23011342632975	2806.0	16925.0
460.6846025529566	2798.0	16746.0
461.139063379492	2801.0	16833.0
461.5934959060948	2792.0	16659.0
462.0479001329239	2818.0	15969.0
462.5022760601385	2799.0	15354.0
462.9566236878973	2796.0	15339.0
463.41094301635945	2803.0	15616.0
463.8652340456838	2798.0	15782.0
464.3194967760294	2795.0	16148.0
464.77373120755504	2796.0	16601.0
465.2279373404199	2805.0	17243.0
465.6821151747827	2793.0	17672.0
466.13626471080266	2810.0	17550.0
466.5903859486385	2796.0	16831.0
467.0444788884494	2813.0	15796.0
467.4985435303941	2798.0	15444.0
467.95257987463174	2798.0	15446.0
468.40658792132115	2803.0	15533.0
468.8605676706213	2802.0	15394.0
469.31451912269125	2798.0	15020.0
469.76844227768987	2802.0	14624.0
470.2223371357761	2817.0	14416.0
470.67620369710903	2801.0	14295.0
471.13004196184744	2791.0	14180.0
471.5838519301504	2810.0	14084.0
472.03763360217687	2807.0	14110.0
472.49138697808576	2828.0	14298.0
472.9451120580361	2803.0	14511.0
473.3988088421867	2812.0	14789.0
473.85247733069673	2802.0	14773.0
474.306117523725	2802.0	14978.0
474.75972942143045	2808.0	15100.0
475.21331302397215	2800.0	15514.0
475.6668683315091	2791.0	15640.0
476.12039534419995	2808.0	15376.0
476.57389406220403	2804.0	15047.0
477.02736448568004	2792.0	14849.0
477.4808066147871	2792.0	14611.0
477.93422044968406	2798.0	14648.0
478.38760599053	2806.0	14732.0
478.8409632374837	2785.0	14620.0
479.29429219070437	2797.0	14538.0
479.74759285035066	2783.0	14766.0
480.2008652165818	2813.0	15024.0
480.6541092895566	2800.0	15142.0
481.107325069434	2813.0	15287.0
481.56051255637306	2811.0	15254.0
482.01367175053275	2804.0	15557.0
482.46680265207186	2797.0	15357.0
482.91990526114944	2790.0	14963.0
483.37297957792464	2828.0	14968.0
483.82602560255606	2804.0	15231.0
484.2790433352029	2807.0	15581.0
484.73203277602414	2816.0	16053.0
485.1849939251786	2791.0	17188.0
485.6379267828253	2802.0	18332.0
486.09083134912316	2796.0	19324.0
486.5437076242313	2795.0	18974.0
486.9965556083084	2794.0	17089.0
487.4493753015136	2804.0	16533.0
487.90216670400594	2805.0	15976.0
488.35492981594416	2796.0	15193.0
488.8076646374874	2802.0	14758.0
489.26037116879456	2793.0	14796.0
489.71304941002455	2794.0	14675.0
490.1656993613363	2805.0	14574.0
490.61832102288895	2815.0	14504.0
491.0709143948412	2815.0	14313.0
491.5234794773523	2800.0	14310.0
491.97601627058094	2805.0	14153.0
492.4285247746863	2800.0	14192.0
492.88100498982715	2808.0	14212.0
493.33345691616256	2811.0	14210.0
493.7858805538514	2801.0	14423.0
494.23827590305285	2807.0	14254.0
494.69064296392554	2795.0	14364.0
495.14298173662866	2798.0	14272.0
495.59529222132113	2808.0	14505.0
496.0475744181618	2801.0	15131.0
496.4998283273098	2798.0	15593.0
496.95205394892395	2809.0	15285.0
497.4042512831633	2795.0	14492.0
497.8564203301868	2817.0	13967.0
498.3085610901533	2795.0	13875.0
498.7606735632218	2791.0	14102.0
499.21275774955143	2803.0	14098.0
499.6648136493009	2789.0	14071.0
500.11684126262935	2800.0	13870.0
500.5688405896956	2794.0	13860.0
501.0208116306587	2803.0	14005.0
501.4727543856776	2808.0	14485.0
501.92466885491126	2799.0	14628.0
502.3765550385186	2785.0	14688.0
502.8284129366586	2793.0	14567.0
503.2802425494902	2808.0	14656.0
503.73204387717243	2802.0	14639.0
504.18381691986406	2800.0	14498.0
504.63556167772435	2805.0	14431.0
505.08727815091197	2800.0	14358.0
505.5389663395861	2803.0	14301.0
505.9906262439056	2801.0	14063.0
506.4422578640293	2801.0	13965.0
506.89386120011636	2801.0	13764.0
507.3454362523256	2798.0	13786.0
507.7969830208162	2789.0	13697.0
508.24850150574684	2807.0	13883.0
508.69999170727675	2793.0	13738.0
509.1514536255646	2807.0	13465.0
509.6028872607695	2799.0	13424.0
510.0542926130504	2801.0	13664.0
510.50566968256624	2804.0	13759.0
510.95701846947594	2799.0	13689.0
511.40833897393867	2800.0	13716.0
511.8596311961131	2798.0	13397.0
512.3108951361585	2793.0	13237.0
512.7621307942334	2816.0	13270.0
513.2133381704971	2786.0	13316.0
513.6645172651084	2798.0	13115.0
514.1156680782265	2804.0	12936.0
514.56679061001	2806.0	12906.0
515.0178848606182	2803.0	12494.0
515.4689508302097	2791.0	12390.0
515.9199885189439	2801.0	12565.0
516.3709979269794	2789.0	12784.0
516.8219790544752	2810.0	13026.0
517.2729319015904	2800.0	12794.0
517.7238564684837	2801.0	12460.0
518.1747527553144	2784.0	12411.0
518.6256207622414	2805.0	12570.0
519.0764604894235	2793.0	12822.0
519.5272719370197	2809.0	12862.0
519.9780551051891	2803.0	12383.0
520.4288099940904	2807.0	12181.0
520.8795366038827	2802.0	12020.0
521.330234934725	2808.0	12170.0
521.7809049867761	2798.0	12080.0
522.2315467601952	2785.0	12056.0
522.6821602551412	2795.0	11901.0
523.1327454717729	2801.0	12031.0
523.5833024102494	2807.0	11977.0
524.0338310707295	2820.0	12060.0
524.4843314533723	2796.0	12169.0
524.9348035583367	2791.0	11943.0
525.3852473857818	2787.0	11951.0
525.8356629358663	2801.0	11990.0
526.2860502087494	2801.0	12098.0
526.7364092045899	2812.0	12023.0
527.186739923547	2816.0	12001.0
527.6370423657792	2805.0	11954.0
528.0873165314458	2806.0	12016.0
528.5375624207057	2816.0	12163.0
528.987780033718	2785.0	12417.0
529.4379693706412	2782.0	12517.0
529.8881304316349	2823.0	12297.0
530.3382632168576	2797.0	12237.0
530.7883677264683	2822.0	12122.0
531.2384439606263	2806.0	12176.0
531.68849191949	2808.0	12180.0
532.1385116032188	2785.0	12129.0
532.5885030119715	2811.0	12268.0
533.038466145907	2808.0	12376.0
533.4884010051844	2792.0	12698.0
533.9383075899626	2796.0	12850.0
534.3881859004006	2791.0	12880.0
534.8380359366574	2796.0	13079.0
535.2878576988917	2800.0	13202.0
535.7376511872626	2800.0	12939.0
536.1874164019291	2806.0	12619.0
536.63715334305	2797.0	12322.0
537.0868620107848	2793.0	12389.0
537.5365424052918	2805.0	12731.0
537.9861945267303	2800.0	13310.0
538.4358183752591	2817.0	13419.0
538.8854139510373	2810.0	13582.0
539.3349812542237	2804.0	13611.0
539.7845202849775	2797.0	13497.0
540.2340310434574	2800.0	13277.0
540.6835135298226	2810.0	13155.0
541.1329677442317	2801.0	13166.0
541.5823936868442	2803.0	13369.0
542.0317913578185	2798.0	13364.0
542.4811607573139	2806.0	13315.0
542.9305018854892	2805.0	13253.0
543.3798147425035	2788.0	13163.0
543.8290993285156	2800.0	13400.0
544.2783556436846	2791.0	13635.0
544.7275836881694	2806.0	13823.0
545.1767834621289	2797.0	13766.0
545.6259549657221	2813.0	13601.0
546.0750981991081	2819.0	13412.0
546.5242131624457	2809.0	13482.0
546.9732998558936	2807.0	13911.0
547.4223582796114	2806.0	14510.0
547.8713884337575	2807.0	14980.0
548.3203903184911	2802.0	14947.0
548.7693639339712	2789.0	14301.0
549.2183092803567	2790.0	13469.0
549.6672263578066	2789.0	12976.0
550.1161151664796	2781.0	13050.0
550.5649757065349	2809.0	13188.0
551.0138079781314	2789.0	13021.0
551.462611981428	2803.0	13254.0
551.9113877165839	2812.0	13993.0
552.360135183758	2793.0	14464.0
552.808854383109	2782.0	14497.0
553.257545314796	2804.0	14160.0
553.706207978978	2800.0	14159.0
554.1548423758138	2799.0	13951.0
554.6034485054627	2788.0	13940.0
555.0520263680833	2822.0	14309.0
555.5005759638345	2801.0	15093.0
555.9490972928758	2805.0	14745.0
556.3975903553657	2813.0	14231.0
556.8460551514632	2800.0	13686.0
557.2944916813275	2798.0	13357.0
557.7428999451172	2800.0	13348.0
558.1912799429915	2810.0	13234.0
558.6396316751093	2794.0	12821.0
559.0879551416297	2800.0	12904.0
559.5362503427112	2794.0	13368.0
559.9845172785134	2793.0	14072.0
560.4327559491949	2793.0	14847.0
560.8809663549148	2801.0	15408.0
561.3291484958318	2805.0	15570.0
561.7773023721049	2807.0	15479.0
562.2254279838933	2805.0	15019.0
562.6735253313559	2799.0	14713.0
563.1215944146514	2797.0	15124.0
563.569635233939	2787.0	15421.0
564.0176477893779	2797.0	15115.0
564.4656320811265	2798.0	14825.0
564.9135881093442	2816.0	14448.0
565.3615158741896	2791.0	14449.0
565.8094153758219	2796.0	14109.0
566.2572866144	2816.0	14165.0
566.7051295900827	2806.0	14354.0
567.1529443030294	2804.0	14848.0
567.6007307533987	2797.0	15573.0
568.0484889413497	2803.0	16147.0
568.4962188670412	2797.0	16841.0
568.9439205306322	2813.0	17707.0
569.3915939322818	2793.0	18706.0
569.8392390721488	2806.0	19583.0
570.2868559503921	2798.0	20119.0
570.734444567171	2800.0	20803.0
571.1820049226443	2811.0	22185.0
571.6295370169707	2805.0	23671.0
572.0770408503096	2793.0	23439.0
572.5245164228195	2793.0	22137.0
572.9719637346597	2796.0	22228.0
573.419382785989	2814.0	24312.0
573.8667735769664	2799.0	25333.0
574.3141361077508	2799.0	25947.0
574.7614703785011	2807.0	26697.0
575.2087763893767	2809.0	26592.0
575.656054140536	2796.0	24540.0
576.1033036321381	2810.0	23716.0
576.5505248643423	2797.0	25418.0
576.997717837307	2795.0	26195.0
577.4448825511918	2805.0	29181.0
577.8920190061551	2788.0	33309.0
578.3391272023562	2797.0	33140.0
578.786207139954	2803.0	28262.0
579.2332588191072	2801.0	25319.0
579.6802822399751	2798.0	25873.0
580.1272774027163	2800.0	26187.0
580.5742443074903	2799.0	26598.0
581.0211829544554	2805.0	31517.0
581.468093343771	2802.0	38619.0
581.9149754755961	2804.0	38827.0
582.3618293500894	2815.0	32771.0
582.8086549674099	2791.0	27781.0
583.2554523277169	2795.0	24274.0
583.7022214311687	2802.0	22462.0
584.1489622779249	2801.0	23714.0
584.595674868144	2807.0	28244.0
585.0423592019852	2799.0	32470.0
585.4890152796075	2810.0	32997.0
585.9356431011698	2808.0	30010.0
586.382242666831	2794.0	27056.0
586.82881397675	2795.0	26229.0
587.2753570310861	2811.0	27823.0
587.7218718299977	2787.0	28677.0
588.1683583736442	2802.0	27980.0
588.6148166621844	2805.0	26258.0
589.0612466957773	2789.0	23732.0
589.5076484745817	2793.0	22319.0
589.954021998757	2800.0	22955.0
590.4003672684617	2790.0	22357.0
590.8466842838549	2794.0	21254.0
591.2929730450957	2801.0	21506.0
591.7392335523426	2790.0	22623.0
592.1854658057551	2803.0	24113.0
592.6316698054919	2802.0	27960.0
593.0778455517121	2797.0	32179.0
593.5239930445747	2793.0	31225.0
593.9701122842383	2795.0	27254.0
594.4162032708622	2798.0	23623.0
594.8622660046052	2801.0	23629.0
595.3083004856263	2804.0	24594.0
595.7543067140844	2801.0	23437.0
596.2002846901385	2797.0	21649.0
596.6462344139476	2800.0	21472.0
597.0921558856708	2795.0	23350.0
597.5380491054667	2792.0	25106.0
597.9839140734946	2796.0	25595.0
598.4297507899132	2803.0	26970.0
598.8755592548816	2812.0	30894.0
599.3213394685588	2792.0	31950.0
599.7670914311035	2807.0	30853.0
600.2128151426749	2796.0	31154.0
600.6585106034319	2781.0	29435.0
601.1041778135337	2802.0	26954.0
601.5498167731388	2802.0	25011.0
601.9954274824065	2792.0	23371.0
602.4410099414955	2791.0	22514.0
602.8865641505649	2808.0	23007.0
603.3320901097737	2819.0	25458.0
603.7775878192808	2804.0	27326.0
604.223057279245	2801.0	26542.0
604.6684984898258	2794.0	25087.0
605.1139114511815	2798.0	25635.0
605.5592961634716	2798.0	27848.0
606.0046526268546	2790.0	29149.0
606.4499808414897	2801.0	28603.0
606.8952808075358	2799.0	28526.0
607.3405525251519	2786.0	29837.0
607.7857959944969	2815.0	29179.0
608.23101121573	2807.0	26510.0
608.6761981890097	2801.0	24583.0
609.1213569144952	2804.0	23274.0
609.5664873923457	2805.0	23014.0
610.0115896227197	2809.0	24544.0
610.4566636057765	2817.0	24043.0
610.901709341675	2800.0	22981.0
611.346726830574	2808.0	23484.0
611.7917160726325	2815.0	23627.0
612.2366770680097	2806.0	23224.0
612.6816098168644	2812.0	23429.0
613.1265143193555	2801.0	24440.0
613.571390575642	2791.0	24367.0
614.0162385858827	2798.0	24396.0
614.4610583502368	2801.0	26016.0
614.9058498688631	2793.0	28549.0
615.3506131419208	2803.0	28273.0
615.7953481695686	2805.0	25331.0
616.2400549519656	2812.0	22606.0
616.6847334892707	2796.0	22265.0
617.1293837816428	2812.0	21551.0
617.574005829241	2792.0	20639.0
618.0185996322241	2804.0	21414.0
618.463165190751	2802.0	21606.0
618.907702504981	2806.0	20781.0
619.3522115750729	2802.0	20411.0
619.7966924011856	2799.0	21223.0
620.2411449834781	2795.0	21472.0
620.6855693221092	2805.0	19813.0
621.129965417238	2822.0	18163.0
621.5743332690234	2799.0	19591.0
622.0186728776246	2796.0	22583.0
622.4629842432001	2800.0	22657.0
622.9072673659093	2805.0	21652.0
623.3515222459112	2791.0	21322.0
623.7957488833642	2811.0	21026.0
624.2399472784278	2818.0	21402.0
624.6841174312607	2798.0	21684.0
625.1282593420219	2802.0	20257.0
625.5723730108703	2800.0	19537.0
626.016458437965	2799.0	19614.0
626.4605156234649	2811.0	19440.0
626.904544567529	2800.0	20036.0
627.3485452703161	2795.0	20626.0
627.7925177319854	2798.0	20072.0
628.2364619526957	2801.0	18573.0
628.6803779326058	2810.0	18223.0
629.1242656718749	2806.0	19612.0
629.568125170662	2797.0	20177.0
630.0119564291259	2802.0	19139.0
630.4557594474257	2797.0	18414.0
630.8995342257202	2793.0	18223.0
631.3432807641686	2803.0	17674.0
631.7869990629295	2804.0	17260.0
632.2306891221622	2793.0	16784.0
632.6743509420254	2792.0	16939.0
633.1179845226782	2821.0	17137.0
633.5615898642794	2782.0	16777.0
634.0051669669881	2804.0	16981.0
634.4487158309635	2812.0	17119.0
634.8922364563641	2799.0	16911.0
635.3357288433492	2807.0	16923.0
635.7791929920776	2808.0	17707.0
636.2226289027082	2805.0	18708.0
636.6660365754	2791.0	19113.0
637.109416010312	2809.0	18300.0
637.5527672076031	2795.0	17446.0
637.9960901674325	2798.0	17246.0
638.4393848899589	2796.0	17404.0
638.8826513753413	2803.0	17544.0
639.3258896237387	2815.0	16895.0
639.76909963531	2794.0	16717.0
640.2122814102142	2796.0	17287.0
640.6554349486103	2794.0	17564.0
641.0985602506573	2809.0	16964.0
641.541657316514	2793.0	16773.0
641.9847261463394	2796.0	16680.0
642.4277667402927	2796.0	16682.0
642.8707790985325	2798.0	16691.0
643.3137632212178	2802.0	17078.0
643.7567191085078	2806.0	17554.0
644.1996467605612	2790.0	17293.0
644.6425461775373	2798.0	17138.0
645.0854173595947	2789.0	17058.0
645.5282603068927	2801.0	17085.0
645.9710750195898	2791.0	16985.0
646.4138614978455	2793.0	16803.0
646.8566197418182	2806.0	17050.0
647.2993497516673	2798.0	16993.0
647.7420515275516	2803.0	17583.0
648.18472506963	2802.0	19235.0
648.6273703780614	2808.0	20558.0
649.0699874530051	2801.0	20679.0
649.5125762946197	2805.0	20494.0
649.9551369030644	2799.0	19317.0
650.397669278498	2807.0	18460.0
650.8401734210794	2802.0	18282.0
651.2826493309678	2789.0	18658.0
651.725097008322	2801.0	18894.0
652.1675164533008	2794.0	18965.0
652.6099076660637	2806.0	19138.0
653.052270646769	2795.0	19827.0
653.4946053955762	2790.0	19698.0
653.9369119126437	2806.0	19070.0
654.379190198131	2794.0	18520.0
654.8214402521968	2787.0	19448.0
655.263662075	2806.0	27828.0
655.7058556666996	2789.0	64000.0
656.1480210274548	2798.0	64000.0
656.5901581574244	2794.0	64000.0
657.0322670567672	2788.0	30179.0
657.4743477256422	2796.0	20645.0
657.9164001642087	2796.0	20577.0
658.3584243726252	2811.0	20802.0
658.8004203510508	2801.0	20270.0
659.2423880996446	2799.0	19546.0
659.6843276185655	2795.0	18846.0
660.1262389079725	2793.0	18320.0
660.5681219680243	2792.0	18219.0
661.0099767988804	2801.0	18430.0
661.4518034006992	2779.0	18791.0
661.8936017736398	2797.0	18754.0
662.3353719178613	2789.0	18589.0
662.7771138335224	2801.0	18642.0
663.2188275207824	2806.0	18838.0
663.6605129798002	2801.0	19144.0
664.1021702107346	2800.0	19928.0
664.5437992137446	2805.0	20235.0
664.9853999889892	2799.0	19958.0
665.4269725366273	2807.0	19870.0
665.8685168568178	2790.0	19649.0
666.3100329497199	2805.0	19294.0
666.7515208154923	2801.0	18888.0
667.1929804542941	2799.0	19023.0
667.6344118662844	2817.0	19332.0
668.0758150516218	2803.0	19304.0
668.5171900104656	2788.0	19393.0
668.9585367429745	2791.0	19684.0
669.3998552493074	2790.0	20303.0
669.8411455296236	2791.0	20475.0
670.2824075840819	2813.0	20468.0
670.7236414128412	2801.0	20649.0
671.1648470160604	2788.0	21077.0
671.6060243938988	2808.0	23794.0
672.047173546515	2802.0	24869.0
672.488294474068	2797.0	23743.0
672.9293871767168	2814.0	22235.0
673.3704516546204	2809.0	20831.0
673.8114879079377	2788.0	20850.0
674.2524959368278	2804.0	21064.0
674.6934757414498	2797.0	21031.0
675.1344273219621	2792.0	20944.0
675.5753506785242	2790.0	21336.0
676.0162458112947	2793.0	21568.0
676.4571127204325	2792.0	22167.0
676.8979514060969	2808.0	21923.0
677.3387618684468	2793.0	21639.0
677.7795441076411	2807.0	23151.0
678.2202981238386	2801.0	23765.0
678.6610239171986	2814.0	23023.0
679.1017214878797	2789.0	23602.0
679.542390836041	2813.0	24563.0
679.9830319618416	2818.0	24545.0
680.4236448654401	2789.0	23402.0
680.8642295469957	2798.0	22391.0
681.3047860066674	2800.0	23087.0
681.7453142446142	2803.0	24437.0
682.1858142609949	2791.0	23758.0
682.6262860559685	2809.0	22554.0
683.066729629694	2805.0	21663.0
683.5071449823304	2807.0	22504.0
683.9475321140363	2809.0	24256.0
684.3878910249712	2799.0	25384.0
684.8282217152937	2802.0	26363.0
685.268524185163	2804.0	27465.0
685.7087984347379	2800.0	27988.0
686.1490444641772	2806.0	26101.0
686.5892622736403	2810.0	24740.0
687.0294518632857	2793.0	24314.0
687.4696132332725	2814.0	25182.0
687.90974638376	2791.0	24755.0
688.3498513149066	2803.0	23694.0
688.7899280268716	2792.0	23280.0
689.2299765198139	2797.0	23693.0
689.6699967938926	2791.0	24921.0
690.1099888492664	2791.0	24803.0
690.5499526860945	2803.0	24094.0
690.9898883045355	2799.0	25496.0
691.4297957047487	2801.0	27865.0
691.8696748868929	2799.0	27006.0
692.309525851127	2805.0	25558.0
692.7493485976102	2788.0	25046.0
693.1891431265014	2795.0	25304.0
693.6289094379594	2808.0	25588.0
694.0686475321434	2799.0	24464.0
694.5083574092118	2797.0	23851.0
694.9480390693242	2807.0	24392.0
695.3876925126392	2816.0	26307.0
695.827317739316	2789.0	25611.0
696.2669147495134	2802.0	23547.0
696.7064835433903	2804.0	26038.0
697.1460241211057	2799.0	31054.0
697.5855364828187	2792.0	30939.0
698.0250206286883	2796.0	27045.0
698.4644765588732	2795.0	25514.0
698.9039042735324	2795.0	25094.0
699.3433037728249	2801.0	24896.0
699.7826750569099	2796.0	24636.0
700.2220181259461	2805.0	24290.0
700.6613329800924	2821.0	23995.0
701.1006196195079	2779.0	24380.0
701.5398780443516	2788.0	24386.0
701.9791082547823	2801.0	25470.0
702.418310250959	2801.0	27309.0
702.8574840330408	2792.0	27965.0
703.2966296011866	2790.0	26710.0
703.7357469555554	2792.0	25274.0
704.174836096306	2803.0	25043.0
704.6138970235972	2793.0	25697.0
705.0529297375883	2801.0	25118.0
705.4919342384385	2808.0	24380.0
705.9309105263061	2809.0	24824.0
706.3698586013504	2801.0	26335.0
706.8087784637304	2809.0	29991.0
707.247670113605	2800.0	32114.0
707.686533551133	2808.0	31646.0
708.1253687764736	2796.0	30622.0
708.5641757897856	2805.0	29351.0
709.0029545912282	2817.0	28576.0
709.4417051809601	2808.0	27672.0
709.8804275591402	2789.0	26905.0
710.3191217259277	2794.0	27145.0
710.7577876814815	2822.0	28430.0
711.1964254259605	2800.0	28111.0
711.6350349595236	2797.0	26794.0
712.0736162823298	2802.0	26620.0
712.5121693945382	2802.0	27896.0
712.9506942963078	2795.0	30018.0
713.3891909877972	2799.0	30145.0
713.8276594691655	2810.0	30134.0
714.2660997405717	2801.0	29872.0
714.704511802175	2810.0	29761.0
715.142895654134	2807.0	29814.0
715.5812512966079	2792.0	29438.0
716.0195787297555	2786.0	27415.0
716.4578779537359	2798.0	26176.0
716.8961489687078	2797.0	26473.0
717.3343917748304	2793.0	27501.0
717.7726063722625	2806.0	28214.0
718.2107927611634	2797.0	30560.0
718.6489509416917	2796.0	30249.0
719.0870809140064	2793.0	28672.0
719.5251826782664	2807.0	29275.0
719.9632562346311	2810.0	28280.0
720.401301583259	2793.0	27034.0
720.8393187243091	2811.0	27806.0
721.2773076579407	2800.0	28305.0
721.7152683843123	2801.0	27983.0
722.1532009035832	2799.0	28162.0
722.5911052159121	2800.0	27827.0
723.0289813214582	2784.0	27847.0
723.4668292203802	2799.0	28273.0
723.9046489128375	2796.0	28173.0
724.3424403989885	2796.0	27283.0
724.7802036789925	2805.0	27485.0
725.2179387530084	2795.0	29489.0
725.6556456211953	2784.0	30615.0
726.0933242837118	2800.0	30229.0
726.530974740717	2789.0	29738.0
726.9685969923701	2800.0	29108.0
727.4061910388298	2801.0	29251.0
727.8437568802552	2802.0	30337.0
728.2812945168051	2798.0	31192.0
728.7188039486385	2798.0	30690.0
729.1562851759146	2803.0	30367.0
729.593738198792	2796.0	31024.0
730.03116301743	2798.0	31655.0
730.4685596319872	2805.0	32030.0
730.9059280426229	2800.0	35998.0
731.3432682494958	2800.0	37120.0
731.7805802527649	2801.0	34540.0
732.2178640525894	2794.0	32455.0
732.6551196491281	2790.0	32934.0
733.0923470425398	2790.0	34703.0
733.5295462329836	2804.0	34099.0
733.9667172206184	2804.0	35229.0
734.4038600056034	2796.0	36160.0
734.8409745880973	2793.0	34166.0
735.2780609682591	2800.0	32802.0
735.7151191462477	2800.0	35624.0
736.1521491222222	2801.0	35899.0
736.5891508963417	2796.0	33603.0
737.0261244687648	2796.0	34206.0
737.4630698396505	2793.0	34038.0
737.8999870091579	2798.0	32238.0
738.3368759774462	2790.0	31658.0
738.7737367446739	2792.0	33379.0
739.2105693110002	2787.0	37333.0
739.6473736765839	2809.0	36898.0
740.0841498415843	2788.0	32158.0
740.5208978061601	2794.0	30211.0
740.95761757047	2803.0	30003.0
741.3943091346736	2799.0	29996.0
741.8309724989294	2795.0	30099.0
742.2676076633965	2812.0	31354.0
742.7042146282336	2817.0	33142.0
743.1407933935999	2810.0	31768.0
743.5773439596546	2798.0	29863.0
744.0138663265562	2797.0	29332.0
744.4503604944639	2813.0	29418.0
744.8868264635367	2803.0	29707.0
745.3232642339333	2796.0	29660.0
745.759673805813	2795.0	30272.0
746.1960551793346	2797.0	30928.0
746.632408354657	2807.0	30376.0
747.0687333319391	2809.0	30452.0
747.50503011134	2809.0	30906.0
747.9412986930188	2799.0	30015.0
748.3775390771341	2793.0	29426.0
748.8137512638451	2807.0	30035.0
749.2499352533107	2805.0	31313.0
749.68609104569	2793.0	32054.0
750.1222186411416	2818.0	32414.0
750.5583180398247	2811.0	32378.0
750.9943892418984	2801.0	31182.0
751.4304322475213	2814.0	31530.0
751.8664470568526	2794.0	32110.0
752.3024336700512	2791.0	31647.0
752.7383920872762	2800.0	31769.0
753.1743223086863	2800.0	32225.0
753.6102243344405	2805.0	34286.0
754.046098164698	2811.0	33896.0
754.4819437996176	2801.0	31614.0
754.9177612393582	2803.0	31650.0
755.3535504840789	2789.0	32869.0
755.7893115339384	2805.0	33877.0
756.225044389096	2790.0	34387.0
756.6607490497105	2792.0	37723.0
757.0964255159407	2802.0	40564.0
757.5320737879458	2800.0	42712.0
757.9676938658847	2813.0	42455.0
758.4032857499163	2808.0	37004.0
758.8388494401996	2788.0	33905.0
759.2743849368935	2792.0	34668.0
759.709892240157	2798.0	36453.0
760.1453713501493	2782.0	36400.0
760.5808222670288	2807.0	38546.0
761.0162449909549	2808.0	39806.0
761.4516395220863	2804.0	37598.0
761.8870058605825	2808.0	34670.0
762.3223440066016	2789.0	34244.0
762.7576539603032	2805.0	35443.0
763.192935721846	2803.0	36053.0
763.6281892913893	2805.0	36507.0
764.0634146690915	2797.0	36407.0
764.4986118551119	2796.0	40928.0
764.9337808496093	2796.0	43877.0
765.368921652743	2802.0	40811.0
765.8040342646716	2804.0	36669.0
766.2391186855542	2801.0	33793.0
766.6741749155497	2804.0	32235.0
767.1092029548171	2800.0	31866.0
767.5442028035154	2805.0	32615.0
767.9791744618035	2802.0	35631.0
768.4141179298402	2801.0	38971.0
768.8490332077848	2810.0	39508.0
769.2839202957962	2804.0	37260.0
769.7187791940331	2787.0	33975.0
770.1536099026547	2789.0	33568.0
770.5884124218197	2804.0	35184.0
771.0231867516875	2805.0	36112.0
771.4579328924165	2799.0	36069.0
771.8926508441659	2818.0	34626.0
772.3273406070949	2805.0	33479.0
772.7620021813623	2809.0	34088.0
773.1966355671268	2795.0	33890.0
773.6312407645477	2824.0	33416.0
774.0658177737838	2810.0	33545.0
774.5003665949941	2808.0	33139.0
774.9348872283376	2807.0	33540.0
775.3693796739731	2812.0	33265.0
775.8038439320597	2799.0	32593.0
776.2382800027565	2790.0	32481.0
776.6726878862221	2806.0	32558.0
777.1070675826156	2799.0	32832.0
777.541419092096	2812.0	32672.0
777.9757424148225	2821.0	32391.0
778.4100375509536	2801.0	33018.0
778.8443045006485	2808.0	34289.0
779.2785432640661	2800.0	34784.0
779.7127538413654	2797.0	34242.0
780.1469362327056	2814.0	33125.0
780.581090438245	2807.0	33277.0
781.0152164581432	2806.0	37112.0
781.4493142925588	2807.0	39883.0
781.8833839416511	2807.0	37185.0
782.3174254055787	2810.0	35591.0
782.7514386845007	2800.0	36156.0
783.185423778576	2803.0	35844.0
783.6193806879637	2804.0	35847.0
784.0533094128227	2797.0	35182.0
784.4872099533119	2797.0	33304.0
784.9210823095902	2811.0	33638.0
785.354926481817	2808.0	35230.0
785.7887424701506	2801.0	35964.0
786.2225302747502	2805.0	36904.0
786.656289895775	2803.0	35304.0
787.0900213333838	2792.0	33929.0
787.5237245877355	2808.0	34280.0
787.957399658989	2800.0	35952.0
788.3910465473034	2795.0	38576.0
788.8246652528378	2793.0	39784.0
789.2582557757509	2809.0	37786.0
789.6918181162015	2795.0	34599.0
790.125352274349	2796.0	34420.0
790.558858250352	2797.0	34902.0
790.9923360443698	2799.0	34604.0
791.4257856565612	2802.0	36615.0
791.8592070870849	2798.0	37649.0
792.2926003361001	2797.0	35801.0
792.725965403766	2815.0	35472.0
793.1593022902413	2804.0	36886.0
793.5926109956847	2806.0	38216.0
794.0258915202555	2804.0	44422.0
794.4591438641128	2802.0	46343.0
794.892368027415	2809.0	40700.0
795.3255640103215	2800.0	38858.0
795.7587318129912	2799.0	35976.0
796.1918714355832	2795.0	33932.0
796.6249828782561	2817.0	32944.0
797.058066141169	2802.0	33499.0
797.4911212244808	2802.0	35527.0
797.9241481283507	2789.0	36618.0
798.3571468529375	2803.0	34934.0
798.7901173984001	2797.0	35007.0
799.2230597648975	2802.0	35412.0
799.6559739525889	2798.0	34697.0
800.0888599616328	2808.0	34178.0
800.5217177921884	2810.0	33845.0
800.9545474444147	2805.0	33845.0
801.3873489184706	2794.0	33915.0
801.8201222145152	2795.0	33846.0
802.2528673327072	2811.0	33398.0
802.6855842732057	2806.0	33586.0
803.1182730361697	2790.0	34168.0
803.5509336217581	2814.0	34580.0
803.9835660301299	2806.0	33964.0
804.4161702614439	2801.0	33628.0
804.8487463158591	2797.0	33722.0
805.2812941935349	2788.0	33798.0
805.7138138946297	2810.0	35551.0
806.1463054193025	2805.0	39527.0
806.5787687677125	2790.0	40755.0
807.0112039400187	2795.0	37499.0
807.4436109363799	2794.0	36143.0
807.875989756955	2791.0	36716.0
808.308340401903	2805.0	35981.0
808.7406628713832	2799.0	34915.0
809.1729571655541	2812.0	34038.0
809.6052232845747	2791.0	33738.0
810.0374612286042	2816.0	34046.0
810.4696709978015	2797.0	34362.0
810.9018525923253	2795.0	34903.0
811.334006012335	2805.0	35426.0
811.7661312579891	2805.0	34725.0
812.1982283294468	2799.0	33760.0
812.6302972268672	2799.0	33733.0
813.0623379504091	2806.0	33852.0
813.4943505002312	2806.0	35513.0
813.9263348764928	2802.0	38647.0
814.358291079353	2807.0	37074.0
814.7902191089703	2810.0	34219.0
815.2221189655039	2806.0	33543.0
815.6539906491128	2793.0	33758.0
816.0858341599559	2808.0	34351.0
816.5176494981922	2797.0	34760.0
816.9494366639805	2781.0	36262.0
817.3811956574799	2792.0	36520.0
817.8129264788495	2791.0	35671.0
818.2446291282478	2804.0	34667.0
818.6763036058343	2804.0	34073.0
819.1079499117676	2795.0	34006.0
819.5395680462068	2803.0	33714.0
819.9711580093108	2799.0	34229.0
820.4027198012385	2795.0	37580.0
820.8342534221491	2801.0	39897.0
821.2657588722014	2793.0	37387.0
821.6972361515543	2801.0	34603.0
822.1286852603669	2800.0	34435.0
822.5601061987979	2794.0	34184.0
822.9914989670065	2792.0	35143.0
823.4228635651518	2798.0	35440.0
823.8541999933923	2793.0	34709.0
824.2855082518873	2807.0	34531.0
824.7167883407957	2812.0	35020.0
825.1480402602765	2803.0	35029.0
825.5792640104884	2792.0	36466.0
826.0104595915906	2809.0	36786.0
826.441627003742	2830.0	36614.0
826.8727662471017	2791.0	38888.0
827.3038773218284	2803.0	40327.0
827.7349602280813	2800.0	40663.0
828.166014966019	2811.0	36659.0
828.5970415358009	2815.0	34473.0
829.0280399375857	2795.0	35096.0
829.4590101715324	2811.0	35133.0
829.8899522378	2783.0	34701.0
830.3208661365475	2803.0	33942.0
830.7517518679336	2790.0	33746.0
831.1826094321176	2801.0	33826.0
831.6134388292581	2798.0	33792.0
832.0442400595147	2805.0	33816.0
832.4750131230455	2793.0	34918.0
832.9057580200099	2805.0	36592.0
833.336474750567	2797.0	36435.0
833.7671633148755	2801.0	35545.0
834.1978237130946	2794.0	35382.0
834.628455945383	2794.0	35626.0
835.0590600118998	2808.0	35134.0
835.4896359128039	2804.0	35004.0
835.9201836482545	2806.0	34618.0
836.35070321841	2800.0	34591.0
836.7811946234299	2813.0	34134.0
837.2116578634729	2808.0	34050.0
837.6420929386982	2797.0	34051.0
838.0724998492643	2800.0	34514.0
838.5028785953306	2816.0	34296.0
838.9332291770559	2800.0	34492.0
839.3635515945991	2806.0	34844.0
839.7938458481193	2809.0	35142.0
840.2241119377753	2802.0	35151.0
840.6543498637261	2792.0	35724.0
841.0845596261308	2806.0	35525.0
841.5147412251482	2800.0	34590.0
841.9448946609374	2807.0	34335.0
842.3750199336571	2804.0	34577.0
842.8051170434666	2807.0	34848.0
843.2351859905245	2798.0	34642.0
843.6652267749901	2799.0	35008.0
844.095239397022	2787.0	35437.0
844.5252238567795	2817.0	34882.0
844.9551801544214	2799.0	34602.0
845.3851082901067	2810.0	35026.0
845.8150082639943	2810.0	35503.0
846.2448800762432	2808.0	35046.0
846.6747237270125	2792.0	34905.0
847.1045392164608	2809.0	35128.0
847.5343265447474	2792.0	36347.0
847.964085712031	2816.0	36231.0
848.3938167184708	2793.0	35166.0
848.8235195642255	2798.0	34814.0
849.2531942494543	2810.0	35241.0
849.6828407743161	2793.0	35107.0
850.1124591389697	2800.0	34633.0
850.5420493435743	2797.0	34637.0
850.9716113882886	2804.0	34735.0
851.4011452732718	2801.0	35200.0
851.8306509986828	2811.0	35570.0
852.2601285646805	2804.0	35828.0
852.6895779714238	2804.0	36252.0
853.1189992190716	2787.0	37840.0
853.5483923077834	2817.0	38723.0
853.9777572377174	2788.0	37432.0
854.4070940090328	2796.0	36794.0
854.8364026218889	2802.0	36746.0
855.2656830764444	2799.0	35864.0
855.6949353728581	2794.0	35970.0
856.1241595112893	2798.0	36924.0
856.5533554918968	2797.0	37442.0
856.9825233148395	2807.0	37078.0
857.4116629802764	2812.0	36364.0
857.8407744883666	2802.0	35990.0
858.2698578392689	2807.0	36144.0
858.6989130331422	2807.0	36253.0
859.1279400701455	2817.0	36483.0
859.5569389504379	2802.0	36889.0
859.9859096741782	2794.0	36734.0
860.4148522415254	2808.0	36701.0
860.8437666526386	2805.0	36261.0
861.2726529076766	2801.0	36043.0
861.7015110067983	2803.0	36708.0
862.1303409501629	2797.0	36760.0
862.5591427379292	2792.0	36319.0
862.987916370256	2808.0	36566.0
863.4166618473026	2809.0	37762.0
863.8453791692277	2803.0	37084.0
864.2740683361905	2801.0	35791.0
864.7027293483496	2811.0	35818.0
865.1313622058642	2795.0	35714.0
865.5599669088932	2809.0	35524.0
865.9885434575958	2817.0	35427.0
866.4170918521306	2795.0	35706.0
866.8456120926567	2789.0	36769.0
867.274104179333	2803.0	36889.0
867.7025681123185	2793.0	36145.0
868.1310038917723	2822.0	35885.0
868.5594115178532	2802.0	35485.0
868.9877909907201	2795.0	35626.0
869.4161423105321	2792.0	36018.0
869.8444654774481	2832.0	36386.0
870.2727604916272	2790.0	36510.0
870.701027353228	2786.0	37627.0
871.1292660624098	2796.0	37906.0
871.5574766193315	2805.0	36820.0
871.9856590241519	2809.0	36319.0
872.41381327703	2788.0	36146.0
872.841939378125	2803.0	35698.0
873.2700373275956	2808.0	35722.0
873.6981071256008	2807.0	35461.0
874.1261487722996	2805.0	35016.0
874.5541622678509	2801.0	34868.0
874.9821476124139	2798.0	35525.0
875.4101048061472	2816.0	36171.0
875.8380338492099	2813.0	35825.0
876.265934741761	2801.0	35477.0
876.6938074839596	2810.0	36077.0
877.1216520759643	2799.0	36085.0
877.5494685179343	2795.0	36336.0
877.9772568100286	2801.0	37417.0
878.405016952406	2805.0	37785.0
878.8327489452256	2810.0	36943.0
879.2604527886463	2800.0	37214.0
879.688128482827	2815.0	36844.0
880.1157760279267	2807.0	36764.0
880.5433954241045	2795.0	37076.0
880.9709866715191	2794.0	36837.0
881.3985497703296	2804.0	36254.0
881.8260847206949	2797.0	35611.0
882.2535915227742	2790.0	35039.0
882.681070176726	2814.0	35167.0
883.1085206827096	2801.0	35336.0
883.5359430408839	2797.0	35320.0
883.963337251408	2791.0	35685.0
884.3907033144405	2810.0	36091.0
884.8180412301406	2799.0	36343.0
885.2453509986672	2804.0	36936.0
885.6726326201792	2805.0	37694.0
886.0998860948358	2791.0	37482.0
886.5271114227958	2794.0	36963.0
886.9543086042179	2785.0	36454.0
887.3814776392616	2799.0	36352.0
887.8086185280854	2798.0	36954.0
888.2357312708483	2808.0	37725.0
888.6628158677095	2806.0	37827.0
889.0898723188278	2801.0	37222.0
889.5169006243624	2806.0	37046.0
889.9439007844718	2792.0	36589.0
890.3708727993153	2806.0	36026.0
890.7978166690517	2809.0	36216.0
891.2247323938402	2805.0	35987.0
891.6516199738395	2806.0	36678.0
892.0784794092086	2799.0	37148.0
892.5053107001065	2806.0	36867.0
892.9321138466923	2799.0	37172.0
893.3588888491247	2802.0	37537.0
893.7856357075628	2800.0	37104.0
894.2123544221655	2809.0	37075.0
894.639044993092	2804.0	36977.0
895.0657074205009	2799.0	37114.0
895.4923417045513	2798.0	37365.0
895.9189478454022	2795.0	38581.0
896.3455258432125	2797.0	38615.0
896.7720756981413	2806.0	38312.0
897.1985974103474	2790.0	38179.0
897.6250909799897	2790.0	37507.0
898.0515564072274	2797.0	36910.0
898.4779936922192	2793.0	36784.0
898.9044028351242	2795.0	36424.0
899.3307838361014	2792.0	36310.0
899.7571366953097	2798.0	35981.0
900.1834614129081	2805.0	36116.0
900.6097579890554	2797.0	36848.0
901.0360264239107	2806.0	37164.0
901.4622667176329	2797.0	37043.0
901.8884788703812	2809.0	36860.0
902.3146628823141	2809.0	36781.0
902.7408187535909	2797.0	36631.0
903.1669464843704	2788.0	36656.0
903.5930460748118	2811.0	36993.0
904.0191175250739	2805.0	37648.0
904.4451608353155	2804.0	37890.0
904.8711760056956	2798.0	37796.0
905.2971630363735	2795.0	37883.0
905.7231219275078	2799.0	37772.0
906.1490526792576	2799.0	37468.0
906.5749552917817	2801.0	36908.0
907.0008297652395	2794.0	36469.0
907.4266760997893	2809.0	36580.0
907.8524942955906	2791.0	36179.0
908.2782843528021	2797.0	36241.0
908.704046271583	2803.0	36270.0
909.1297800520919	2794.0	36337.0
909.555485694488	2801.0	36309.0
909.9811631989302	2798.0	36110.0
910.4068125655774	2805.0	36114.0
910.8324337945886	2800.0	36132.0
911.2580268861229	2818.0	36343.0
911.6835918403391	2799.0	36772.0
912.1091286573961	2798.0	36617.0
912.5346373374532	2802.0	36572.0
912.9601178806688	2801.0	36221.0
913.3855702872024	2801.0	36035.0
913.8109945572126	2802.0	36069.0
914.2363906908586	2800.0	36360.0
914.6617586882992	2790.0	36576.0
915.0870985496932	2803.0	36412.0
915.5124102752	2797.0	36283.0
915.9376938649782	2791.0	36033.0
916.362949319187	2815.0	35976.0
916.7881766379851	2794.0	35910.0
917.2133758215317	2796.0	35749.0
917.6385468699857	2798.0	35727.0
918.0636897835059	2804.0	35459.0
918.4888045622514	2792.0	35280.0
918.9138912063811	2792.0	35176.0
919.3389497160541	2787.0	35116.0
919.7639800914291	2800.0	35113.0
920.1889823326652	2800.0	35112.0
920.6139564399215	2793.0	35106.0
921.0389024133566	2796.0	34844.0
921.46382025313	2803.0	34835.0
921.8887099594002	2800.0	34779.0
922.3135715323261	2799.0	35573.0
922.7384049720671	2795.0	35630.0
923.1632102787819	2798.0	34970.0
923.5879874526294	2798.0	34469.0
924.0127364937686	2816.0	34324.0
924.4374574023585	2820.0	34287.0
924.8621501785582	2801.0	34212.0
925.2868148225264	2806.0	34067.0
925.711451334422	2815.0	33748.0
926.1360597144043	2800.0	33874.0
926.5606399626321	2806.0	33457.0
926.9851920792643	2791.0	33704.0
927.4097160644599	2814.0	33686.0
927.8342119183777	2790.0	33104.0
928.258679641177	2798.0	32980.0
928.6831192330166	2794.0	32619.0
929.1075306940553	2811.0	32007.0
929.5319140244521	2788.0	31912.0
929.9562692243665	2814.0	31545.0
930.3805962939565	2808.0	31666.0
930.8048952333819	2793.0	31157.0
931.2291660428012	2816.0	31054.0
931.6534087223736	2809.0	30877.0
932.0776232722576	2812.0	30659.0
932.5018096926128	2785.0	30519.0
932.9259679835977	2804.0	30179.0
933.3500981453715	2805.0	29834.0
933.7742001780931	2802.0	29753.0
934.1982740819215	2800.0	29101.0
934.6223198570154	2802.0	28300.0
935.046337503534	2799.0	27622.0
935.4703270216364	2792.0	26777.0
935.8942884114813	2805.0	26083.0
936.3182216732275	2809.0	25283.0
936.7421268070343	2813.0	24331.0
937.1660038130608	2807.0	23704.0
937.5898526914654	2810.0	22863.0
938.0136734424074	2804.0	22209.0
938.4374660660457	2798.0	21517.0
938.8612305625394	2803.0	21008.0
939.2849669320472	2799.0	20647.0
939.7086751747283	2798.0	20134.0
940.1323552907415	2805.0	19595.0
940.5560072802458	2797.0	19273.0
940.9796311434003	2802.0	19033.0
941.4032268803636	2804.0	18767.0
941.826794491295	2802.0	18702.0
942.2503339763533	2813.0	18518.0
942.6738453356977	2799.0	18179.0
943.0973285694868	2810.0	18180.0
943.5207836778796	2796.0	18349.0
943.9442106610354	2805.0	18640.0
944.3676095191129	2803.0	18492.0
944.790980252271	2797.0	18362.0
945.2143228606687	2817.0	18267.0
945.637637344465	2813.0	18577.0
946.0609237038192	2820.0	18624.0
946.4841819388896	2793.0	18603.0
946.9074120498356	2810.0	18662.0
947.330614036816	2806.0	19043.0
947.7537878999898	2801.0	19193.0
948.176933639516	2812.0	19615.0
948.6000512555535	2805.0	19913.0
949.0231407482613	2790.0	20630.0
949.4462021177984	2818.0	21074.0
949.8692353643237	2796.0	21247.0
950.292240487996	2806.0	21338.0
950.7152174889744	2811.0	21624.0
951.1381663674182	2794.0	22023.0
951.5610871234858	2787.0	22412.0
951.9839797573362	2803.0	23053.0
952.4068442691288	2814.0	23704.0
952.8296806590223	2790.0	24121.0
953.2524889271756	2811.0	23808.0
953.6752690737476	2794.0	23445.0
954.0980210988976	2804.0	23366.0
954.5207450027841	2799.0	23285.0
954.9434407855666	2799.0	23401.0
955.3661084474036	2796.0	23781.0
955.7887479884541	2808.0	23770.0
956.2113594088773	2807.0	23888.0
956.6339427088321	2801.0	24001.0
957.0564978884773	2807.0	24198.0
957.4790249479719	2802.0	24595.0
957.9015238874749	2812.0	24997.0
958.3239947071455	2804.0	25397.0
958.7464374071423	2813.0	25662.0
959.1688519876242	2802.0	25885.0
959.5912384487505	2818.0	26019.0
960.01359679068	2803.0	25934.0
960.4359270135716	2795.0	25875.0
960.8582291175843	2806.0	26030.0
961.2805031028771	2797.0	26033.0
961.7027489696089	2808.0	25987.0
962.1249667179388	2805.0	26218.0
962.5471563480256	2800.0	26337.0
962.9693178600282	2795.0	26401.0
963.391451254106	2790.0	26125.0
963.8135565304173	2803.0	26289.0
964.2356336891215	2806.0	26409.0
964.6576827303774	2799.0	26464.0
965.0797036543439	2796.0	26395.0
965.5016964611802	2805.0	26398.0
965.9236611510452	2806.0	26604.0
966.3455977240976	2799.0	26653.0
966.7675061804966	2796.0	26899.0
967.1893865204012	2799.0	27104.0
967.61123874397	2796.0	27349.0
968.0330628513624	2783.0	27504.0
968.454858842737	2798.0	27585.0
968.8766267182532	2794.0	27664.0
969.2983664780695	2813.0	27613.0
969.7200781223451	2793.0	27500.0
970.1417616512389	2807.0	27124.0
970.5634170649098	2788.0	26880.0
970.9850443635169	2795.0	26844.0
971.406643547219	2799.0	26883.0
971.8282146161752	2806.0	27064.0
972.2497575705444	2809.0	27058.0
972.6712724104855	2796.0	26789.0
973.0927591361575	2797.0	26834.0
973.5142177477193	2797.0	26615.0
973.9356482453302	2795.0	26436.0
974.3570506291486	2790.0	26399.0
974.7784248993338	2800.0	26230.0
975.1997710560447	2808.0	26105.0
975.6210890994403	2807.0	26414.0
976.0423790296796	2795.0	26663.0
976.4636408469214	2795.0	26528.0
976.8848745513247	2801.0	26671.0
977.3060801430486	2795.0	26836.0
977.7272576222518	2795.0	27258.0
978.1484069890936	2792.0	27056.0
978.5695282437327	2800.0	26852.0
978.9906213863281	2796.0	26690.0
979.4116864170389	2793.0	26182.0
979.8327233360237	2799.0	25945.0
980.2537321434419	2790.0	25771.0
980.6747128394522	2786.0	26005.0
981.0956654242137	2803.0	25914.0
981.5165898978853	2792.0	25946.0
981.9374862606257	2814.0	25958.0
982.3583545125942	2799.0	25932.0
982.77919465395	2794.0	25830.0
983.200006684851	2794.0	25835.0
983.6207906054576	2813.0	25719.0
984.0415464159274	2805.0	25686.0
984.4622741164206	2808.0	25847.0
984.8829737070952	2799.0	26075.0
985.3036451881105	2807.0	26147.0
985.7242885596255	2813.0	26117.0
986.1449038217992	2801.0	26262.0
986.5654909747906	2789.0	26383.0
986.9860500187581	2801.0	26509.0
987.4065809538615	2796.0	26324.0
987.827083780259	2800.0	26167.0
988.2475584981104	2787.0	25866.0
988.6680051075739	2792.0	25510.0
989.0884236088087	2797.0	25304.0
989.5088140019739	2795.0	25269.0
989.9291762872281	2805.0	25318.0
990.3495104647309	2798.0	25417.0
990.7698165346404	2807.0	25365.0
991.1900944971165	2796.0	25412.0
991.6103443523174	2784.0	25184.0
992.0305661004024	2789.0	25068.0
992.4507597415303	2806.0	25113.0
992.8709252758603	2785.0	24992.0
993.2910627035515	2812.0	24945.0
993.7111720247619	2778.0	25096.0
994.1312532396518	2793.0	25130.0
994.5513063483788	2809.0	25168.0
994.9713313511032	2801.0	25245.0
995.391328247983	2802.0	25472.0
995.8112970391775	2810.0	25368.0
996.2312377248455	2803.0	25273.0
996.6511503051463	2797.0	25120.0
997.0710347802387	2795.0	24912.0
997.4908911502811	2788.0	24578.0
997.9107194154336	2798.0	24644.0
998.3305195758539	2817.0	24280.0
998.7502916317021	2803.0	24170.0
999.1700355831365	2802.0	24048.0
999.5897514303161	2789.0	23874.0
1000.0094391734	2790.0	23918.0
1000.4290988125471	2791.0	23874.0
1000.8487303479166	2792.0	23710.0
1001.2683337796666	2798.0	23772.0
1001.6879091079572	2798.0	23492.0
1002.1074563329468	2809.0	23470.0
1002.5269754547943	2808.0	23406.0
1002.9464664736588	2808.0	23355.0
1003.3659293896992	2791.0	23433.0
1003.7853642030747	2810.0	23365.0
1004.2047709139435	2802.0	23384.0
1004.6241495224656	2794.0	23522.0
1005.043500028799	2801.0	23591.0
1005.4628224331036	2806.0	23508.0
1005.8821167355376	2800.0	23423.0
1006.3013829362602	2809.0	23250.0
1006.7206210354304	2807.0	22996.0
1007.1398310332072	2802.0	22831.0
1007.5590129297498	2810.0	22647.0
1007.9781667252163	2810.0	22367.0
1008.3972924197667	2792.0	22437.0
1008.816390013559	2812.0	22248.0
1009.2354595067532	2806.0	22308.0
1009.6545008995073	2809.0	22032.0
1010.0735141919807	2803.0	22208.0
1010.4924993843324	2790.0	21969.0
1010.9114564767211	2795.0	22062.0
1011.3303854693064	2798.0	21727.0
1011.7492863622462	2800.0	21698.0
1012.1681591557006	2804.0	21533.0
1012.5870038498275	2814.0	21298.0
1013.0058204447865	2799.0	21435.0
1013.4246089407366	2816.0	21493.0
1013.8433693378364	2797.0	21525.0
1014.2621016362453	2781.0	21525.0
1014.6808058361216	2806.0	21398.0
1015.0994819376251	2818.0	21404.0
1015.5181299409139	2806.0	21184.0
1015.9367498461477	2800.0	20861.0
1016.355341653485	2808.0	20618.0
1016.7739053630847	2788.0	20380.0
1017.1924409751063	2787.0	20194.0
1017.6109484897081	2792.0	20138.0
1018.0294279070497	2805.0	20165.0
1018.4478792272893	2817.0	20033.0
1018.8663024505867	2806.0	19960.0
1019.2846975770999	2796.0	19860.0
1019.7030646069891	2792.0	19846.0
1020.1214035404121	2817.0	19644.0
1020.5397143775284	2798.0	19429.0
1020.9579971184968	2800.0	19573.0
1021.3762517634764	2794.0	19394.0
1021.7944783126263	2812.0	19314.0
1022.2126767661049	2797.0	19292.0
1022.6308471240718	2797.0	19249.0
1023.0489893866854	2814.0	19307.0
1023.4671035541052	2807.0	19322.0
1023.8851896264897	2807.0	19234.0
1024.3032476039982	2800.0	19371.0
1024.7212774867894	2808.0	19050.0
1025.139279275022	2807.0	19006.0
1025.5572529688561	2811.0	18720.0
1025.975198568449	2802.0	18419.0
1026.3931160739612	2809.0	18219.0
1026.8110054855508	2795.0	18027.0
1027.2288668033768	2790.0	17689.0
1027.6467000275984	2798.0	17601.0
1028.0645051583747	2792.0	17574.0
1028.4822821958642	2815.0	17472.0
1028.9000311402258	2808.0	17443.0
1029.3177519916192	2803.0	17196.0
1029.7354447502025	2808.0	17215.0
1030.1531094161355	2806.0	17078.0
1030.5707459895766	2788.0	16919.0
1030.9883544706847	2809.0	16858.0
1031.405934859619	2787.0	16767.0
1031.8234871565385	2799.0	16757.0
1032.2410113616022	2813.0	16732.0
1032.6585074749682	2796.0	16623.0
1033.075975496797	2797.0	16604.0
1033.4934154272464	2793.0	16547.0
1033.9108272664757	2792.0	16539.0
1034.3282110146438	2799.0	16490.0
1034.7455666719097	2803.0	16298.0
1035.1628942384325	2803.0	16278.0
1035.5801937143706	2803.0	16058.0
1035.997465099884	2811.0	15866.0
1036.4147083951304	2805.0	15781.0
1036.83192360027	2807.0	15538.0
1037.249110715461	2802.0	15374.0
1037.6662697408622	2798.0	15253.0
1038.083400676633	2801.0	15114.0
1038.5005035229324	2792.0	14983.0
1038.917578279919	2800.0	14830.0
1039.334624947752	2796.0	14709.0
1039.7516435265904	2823.0	14786.0
1040.1686340165927	2802.0	14586.0
1040.5855964179186	2787.0	14487.0
1041.0025307307267	2804.0	14450.0
1041.4194369551758	2790.0	14303.0
1041.836315091425	2806.0	14343.0
1042.2531651396332	2787.0	14159.0
1042.6699870999596	2805.0	14148.0
1043.0867809725626	2794.0	14106.0
1043.5035467576022	2791.0	13993.0
1043.920284455236	2807.0	13882.0
1044.3369940656241	2804.0	13765.0
1044.7536755889246	2795.0	13440.0
1045.1703290252972	2807.0	13267.0
1045.5869543749004	2801.0	13105.0
1046.0035516378932	2795.0	13082.0
1046.420120814435	2798.0	12894.0
1046.836661904684	2809.0	12825.0
1047.2531749087996	2807.0	12767.0
1047.669659826941	2813.0	12562.0
1048.0861166592665	2802.0	12401.0
1048.5025454059355	2796.0	12303.0
1048.918946067107	2810.0	12348.0
1049.3353186429401	2794.0	12304.0
1049.7516631335932	2800.0	12311.0
1050.1679795392256	2805.0	12270.0
1050.584267859996	2791.0	12153.0
1051.000528096064	2793.0	12085.0
1051.4167602475882	2792.0	11894.0
1051.8329643147272	2801.0	11819.0
1052.2491402976402	2803.0	11648.0
1052.6652881964865	2804.0	11370.0
1053.0814080114246	2795.0	11273.0
1053.4974997426134	2798.0	11198.0
1053.9135633902124	2797.0	11057.0
1054.3295989543803	2797.0	11110.0
1054.745606435276	2803.0	10905.0
1055.161585833058	2788.0	10810.0
1055.5775371478862	2802.0	10738.0
1055.9934603799193	2804.0	10827.0
1056.4093555293155	2801.0	10666.0
1056.8252225962347	2799.0	10593.0
1057.241061580835	2800.0	10680.0
1057.6568724832762	2810.0	10498.0
1058.0726553037168	2794.0	10436.0
1058.4884100423158	2804.0	10259.0
1058.9041366992321	2806.0	10137.0
1059.319835274625	2793.0	9988.0
1059.7355057686532	2796.0	9859.0
1060.1511481814753	2822.0	9721.0
1060.566762513251	2792.0	9761.0
1060.9823487641386	2803.0	9635.0
1061.3979069342975	2810.0	9614.0
1061.8134370238865	2822.0	9455.0
1062.2289390330645	2800.0	9463.0
1062.6444129619906	2793.0	9395.0
1063.0598588108235	2804.0	9283.0
1063.4752765797227	2803.0	9286.0
1063.8906662688464	2815.0	9280.0
1064.3060278783541	2803.0	9164.0
1064.7213614084048	2797.0	9081.0
1065.1366668591572	2800.0	9014.0
1065.55194423077	2794.0	8963.0
1065.9671935234028	2794.0	8808.0
1066.3824147372145	2812.0	8769.0
1066.797607872363	2804.0	8628.0
1067.212772929009	2811.0	8665.0
1067.6279099073097	2804.0	8571.0
1068.0430188074254	2807.0	8503.0
1068.4580996295144	2803.0	8505.0
1068.8731523737358	2804.0	8363.0
1069.2881770402482	2809.0	8321.0
1069.7031736292113	2806.0	8336.0
1070.1181421407837	2800.0	8309.0
1070.5330825751241	2802.0	8126.0
1070.947994932392	2804.0	8033.0
1071.3628792127458	2801.0	7934.0
1071.777735416345	2803.0	7909.0
1072.192563543348	2801.0	7833.0
1072.6073635939138	2797.0	7721.0
1073.022135568202	2799.0	7608.0
1073.4368794663708	2816.0	7668.0
1073.85159528858	2804.0	7571.0
1074.2662830349875	2799.0	7590.0
1074.6809427057533	2806.0	7463.0
1075.0955743010354	2811.0	7447.0
1075.5101778209932	2811.0	7402.0
1075.9247532657862	2803.0	7414.0
1076.3393006355725	2798.0	7345.0
1076.7538199305118	2811.0	7261.0
1077.168311150762	2799.0	7234.0
1077.5827742964832	2808.0	7158.0
1077.9972093678334	2786.0	7104.0
1078.4116163649728	2820.0	6955.0
1078.8259952880592	2812.0	6952.0
1079.2403461372521	2797.0	6908.0
1079.65466891271	2814.0	6826.0
1080.0689636145921	2803.0	6802.0
1080.4832302430582	2794.0	6735.0
1080.8974687982657	2806.0	6680.0
1081.3116792803748	2800.0	6671.0
1081.7258616895435	2810.0	6618.0
1082.1400160259318	2800.0	6564.0
1082.554142289698	2809.0	6614.0
1082.968240481001	2809.0	6457.0
1083.3823105999998	2784.0	6372.0
1083.7963526468538	2786.0	6258.0
1084.210366621722	2812.0	6246.0
1084.6243525247623	2811.0	6217.0
1085.0383103561346	2800.0	6159.0
1085.452240115998	2801.0	6057.0
1085.8661418045108	2812.0	6047.0
1086.280015421832	2799.0	5952.0
1086.693860968121	2812.0	6003.0
1087.1076784435372	2808.0	5905.0
1087.521467848238	2795.0	5879.0
1087.9352291823836	2781.0	5850.0
1088.3489624461326	2804.0	5820.0
1088.7626676396444	2801.0	5734.0
1089.1763447630772	2786.0	5682.0
1089.5899938165905	2813.0	5663.0
1090.0036148003428	2797.0	5577.0
1090.4172077144935	2794.0	5448.0
1090.8307725592015	2811.0	5420.0
1091.2443093346253	2806.0	5371.0
1091.6578180409247	2812.0	5255.0
1092.0712986782578	2796.0	5210.0
1092.484751246784	2801.0	5217.0
1092.8981757466622	2807.0	5094.0
1093.3115721780514	2803.0	5055.0
1093.7249405411105	2801.0	5013.0
1094.1382808359983	2797.0	4960.0
1094.5515930628744	2797.0	4922.0
1094.9648772218966	2796.0	4876.0
1095.3781333132251	2791.0	4808.0
1095.791361337018	2800.0	4775.0
1096.2045612934346	2809.0	4736.0
1096.6177331826339	2809.0	4666.0
1097.0308770047745	2787.0	4632.0
1097.443992760016	2785.0	4569.0
1097.8570804485166	2786.0	4500.0
1098.2701400704364	2798.0	4469.0
1098.6831716259326	2784.0	4369.0
1099.096175115166	2807.0	4358.0
1099.5091505382943	2790.0	4308.0
1099.9220978954768	2790.0	4259.0
1100.3350171868726	2789.0	4269.0
1100.7479084126408	2803.0	4214.0
1101.1607715729401	2799.0	4144.0
1101.5736066679292	2800.0	4093.0
1101.9864136977678	2792.0	4057.0
1102.399192662614	2793.0	4050.0
1102.8119435626274	2796.0	3954.0
1103.224666397967	2785.0	3935.0
1103.6373611687914	2790.0	3862.0
1104.0500278752593	2789.0	3846.0
1104.4626665175301	2786.0	3825.0
1104.8752770957633	2778.0	3768.0
1105.2878596101164	2793.0	3710.0
1105.7004140607498	2793.0	3706.0
1106.1129404478218	2781.0	3628.0
1106.525438771491	2774.0	3580.0
1106.9379090319171	2790.0	3579.0
1107.3503512292586	2792.0	3573.0
1107.7627653636748	2786.0	3523.0
1108.175151435324	2779.0	3482.0
1108.587509444366	2795.0	3398.0
1108.9998393909593	2775.0	3350.0
1109.4121412752631	2783.0	3292.0
1109.8244150974358	2731.0	2735.0
1110.236660857637	2733.0	2746.0
1110.6488785560252	2740.0	2746.0
1111.0610681927596	2730.0	2749.0
