Wavelength (nm)	Absorbance	Absorbance (normalized)
300.34821982977365	0.043132186029857925	0.8614836243639402
300.8125670411594	0.043102203878695095	0.8608847877357447
301.276885897136	0.04275521007295423	0.853954244309889
301.7411763978626	0.04272443748456092	0.8533396201965552
302.205438543498	0.042083049529681185	0.8405291117650747
302.6696723342012	0.04226550472797549	0.8441733084456233
303.1338777701312	0.04210160891693837	0.8408998003399574
303.598054851447	0.041748024080710745	0.8338376135756503
304.0622035783074	0.04107511735252716	0.8203975774018932
304.5263239508714	0.04126551497239686	0.8242004088958709
304.9904159692982	0.04184132924827112	0.835701207406247
305.4544796337465	0.04133561269879124	0.8256004780867107
305.91851494437526	0.04066527124263509	0.8122116783583629
306.38252190134347	0.040882748641774776	0.8165553771044016
306.8465005048102	0.0405014129531048	0.8089389196736612
307.3104507549344	0.04038709351260846	0.8066556055808123
307.77437265187484	0.04036862416169726	0.8062867153112463
308.2382661957906	0.04039214130330927	0.8067564256302708
308.70213138684073	0.04047789563357325	0.8084692058010313
309.16596822518403	0.040289415581643534	0.8047046740912579
309.6297767109795	0.04028317555915917	0.8045800414722004
310.09355684438617	0.040543950647299494	0.8097885294706507
310.55730862556294	0.039932460012982667	0.7975751633369573
311.0210320546688	0.03943637223621116	0.7876667504976838
311.48472713186266	0.039132163013631524	0.7815907480078627
311.9483938573036	0.03853772178241655	0.7697179113782335
312.4120322311503	0.03853324656321298	0.76962852735893
312.87564225356203	0.039860096151813705	0.7961298324002183
313.3392239246976	0.03931455237558145	0.7852336297322473
313.802777244716	0.03959546956637051	0.7908444180449555
314.2663022137761	0.038685523196738715	0.7726699644218767
314.729798832037	0.038561310783847676	0.7701890569609102
315.19326709965765	0.03911431396458747	0.7812342470921015
315.6567070167969	0.03873275307408584	0.77361329168172
316.1201185836137	0.03812478870340551	0.7614703559789432
316.5835018002672	0.03792226237239464	0.7574252764739843
317.0468566669162	0.03825925111378705	0.7641559877074544
317.5101831837196	0.03806151131354121	0.7602065100800431
317.97348135083644	0.037899647342579446	0.756973584127844
318.43675116842576	0.03722266587547044	0.7434521627690939
318.89999263664646	0.037082516543987545	0.7406529455730606
319.3632057556574	0.036576086169199745	0.7305379589462953
319.8263905256176	0.03673153192003238	0.7336426931193164
320.2895469466862	0.03725588204386355	0.7441155927602935
320.7526750190219	0.03656280876551665	0.7302727679795233
321.21577474278376	0.03640662044893652	0.7271532024634798
321.6788461181307	0.03705382464972763	0.7400798793803837
322.1418891452218	0.03645416212300732	0.7281027572717624
322.6049038242158	0.036541102543182734	0.7298392273398704
323.0678901552719	0.03648114922502715	0.7286417734714524
323.5308481385489	0.03602507233895772	0.7195325023198119
323.99377777420585	0.03612399496316481	0.7215082941971426
324.45667906240163	0.03596867290345633	0.7184060305198281
324.9195520032952	0.03594250320951264	0.717883340496786
325.3823965970456	0.03551846868050892	0.7094140546804356
325.84521284381174	0.03520655232928185	0.7031841169073444
326.3080007437526	0.03536603452349938	0.7063694713845388
326.77076029702704	0.03539394912083562	0.7069270125447938
327.23349150379414	0.03523551769358914	0.7037626451457629
327.6961943642128	0.035421634834485786	0.7074799821873459
328.15886887844204	0.0357274309885739	0.7135876806254847
328.6215150466407	0.035375436587361406	0.7065572597853989
329.0841328689678	0.034956153433313666	0.69818287367596
329.54672234558234	0.03449404367233246	0.6889531072853062
330.0092834766433	0.03419684432048033	0.6830171136736921
330.4718162623096	0.033794875609280135	0.6749885507347655
330.9343207027401	0.03445109392517363	0.6880952675115434
331.39679679809376	0.03439898481278788	0.6870544867820397
331.8592445485298	0.03479371599653068	0.6949384938311799
332.32166395420694	0.0341079061142493	0.6812407416166008
332.78405501528414	0.0343213043542083	0.6855029668914275
333.2464177319205	0.03374817996787613	0.6740558938250617
333.7087521042748	0.03409555714472388	0.6809940943619682
334.1710581325062	0.033443658541629895	0.6679736556588877
334.63333581677347	0.03350601058047903	0.6692190194255748
335.09558515723563	0.03322626282505074	0.6636315883671388
335.5578061540517	0.03332398814637881	0.6655834663893525
336.01999880738066	0.033941913707330025	0.6779253579829936
336.48216311738133	0.0331732121116051	0.6625720009415862
336.9442990842128	0.03404615718646237	0.6800074238499806
337.4064067080338	0.03286953298998171	0.6565065862133809
337.8684859890036	0.033954583026596236	0.6781784036163674
338.33053692728106	0.033979509284636555	0.6786762583645918
338.792559523025	0.034196180027843935	0.683003845687671
339.25455377639446	0.03421933932411465	0.6834664087244197
339.7165196875485	0.03433111113726756	0.6856988387909707
340.178457256646	0.0334785005826056	0.6686695593725346
340.6403664838458	0.033820214831894034	0.6754946536674334
341.102247369307	0.033048628130979064	0.6600836721195451
341.5640999131886	0.03262347247659904	0.6515919939492743
342.0259241156495	0.033428216814064306	0.6676652364257689
342.4877199768485	0.032961768630791734	0.6583488182747881
342.94948749694487	0.0333285398921136	0.6656743788810354
343.41122667609733	0.033158645556055424	0.6622810616103015
343.8729375144649	0.033557569295424076	0.6702488070096645
344.3346200122066	0.03353393513062289	0.6697767593742932
344.7962741694812	0.033987952739937946	0.6788449003768191
345.2578999864479	0.033985098048108855	0.6787878833195644
345.7194974632656	0.033388472918987395	0.6668714274695684
346.1810666000931	0.03297453474152818	0.658603797134279
346.6426073970895	0.03285832379967073	0.6562827038877207
347.10411985441374	0.032326145247226316	0.6456534462266216
347.56560397222484	0.03308835376865487	0.6608771164187716
348.0270597506816	0.03337268777830382	0.6665561492104733
348.48848718994304	0.03316968627582051	0.6625015790562002
348.94988629016814	0.03315768785800351	0.6622619334073543
349.411257051516	0.032833019369984076	0.6557772958778129
349.8725994741454	0.03243539638754388	0.6478355306320722
350.3339135582152	0.0335681458306911	0.6704600532502327
350.79519930388454	0.03341848247986227	0.6674708115547976
351.2564567113124	0.032366069639169735	0.6464508602655378
351.7176857806577	0.03281801057274699	0.6554775236072405
352.17888651207926	0.032769526962034154	0.6545091554002918
352.6400589057362	0.032497235647718135	0.6490706526168737
353.1012029617875	0.03250888844138287	0.6493033950785252
353.562318680392	0.032287385286202216	0.644879289487747
354.0234060617087	0.03265876087492659	0.6522968128048036
354.4844651058965	0.031383935016388254	0.6268345831429807
354.9454958131145	0.032069460084071785	0.6405266467259298
355.4064981835216	0.03185542052687346	0.6362516123550808
355.8674722172767	0.03188253416028308	0.636793155779399
356.3284179145388	0.03198504786918948	0.6388406727654858
356.7893352754668	0.032573285296740785	0.6505896001783359
357.2502243002198	0.03370682810591124	0.6732299687787175
357.71108498895666	0.03198690926720567	0.6388778506619512
358.1719173418363	0.032218779898232776	0.6435090269277145
358.6327213590178	0.03201518250823889	0.6394425550501235
359.09349704066	0.0320382525253466	0.6399033349048499
359.5542443869219	0.031062555794571154	0.6204156424699171
360.01496339796245	0.031271329175458544	0.624585494952769
360.47565407394063	0.031591360316059136	0.6309775102592756
360.9363164150155	0.03260569356506874	0.6512368938973812
361.3969504213458	0.03168451831343897	0.6328381646445267
361.8575560930906	0.03157512319072454	0.6306532044636657
362.31813343040886	0.0320578111693174	0.6402939817381588
362.7786824334596	0.03228975874130261	0.6449266947536926
363.2392031024017	0.031184442701228183	0.6228501023526409
363.6996954373941	0.03142793226006431	0.6277133446737919
364.16015943859577	0.03150277978171983	0.6292082820201337
364.6205951061657	0.03178072573220364	0.6347597254407329
365.0810024402629	0.03132890925288246	0.6257355478368503
365.5413814410462	0.031171881133003385	0.6225992088420408
366.0017321086746	0.03107929000447849	0.6207498765874759
366.4620544433072	0.030310498000132368	0.6053947138052603
366.9223484451028	0.03118645651743247	0.6228903245134535
367.3826141142204	0.031517744032406196	0.6295071645578084
367.8428514508189	0.031858088399054914	0.6363048980440535
368.3030604550573	0.030579205794703197	0.6107616425755388
368.76324112709466	0.03043228353916471	0.6078271490618574
369.22339346708986	0.030737101529140907	0.6139153105263009
369.6835174752017	0.03061486953012256	0.6114739580778988
370.1436131515895	0.03090035066173615	0.6171759024560874
370.6036804964119	0.030690623931487276	0.6129870086271353
371.063719509828	0.030384640342209786	0.6068755665264352
371.5237301919967	0.031106590559638526	0.6212951534193855
371.9837125430769	0.03147993143121684	0.6287519295355928
372.4436665632278	0.030551184983267168	0.610201979990005
372.9035922526082	0.0313202007218552	0.6255616114395391
373.3634896113769	0.030476663737744724	0.608713559390855
373.8233586396931	0.03146844852663583	0.6285225802863065
374.28319933771576	0.03013428296129213	0.6018751524794792
374.7430117056037	0.02982136120428874	0.5956251336320918
375.2027957435159	0.03010817486272022	0.6013536927072138
375.66255145161136	0.030258138883705165	0.6043489397189956
376.1222788300491	0.03050512893709271	0.6092820977824428
376.581977878988	0.030616975565573593	0.6115160221433324
377.0416485985869	0.030353307191684543	0.6062497462472506
377.501290989005	0.02963253436119042	0.5918536754261852
377.9609050504012	0.030354236506490672	0.6062683075486733
378.4204907829342	0.029851535121169528	0.5962278004169469
378.8800481867633	0.029168369610378195	0.5825828645095833
379.3395772620473	0.030518453495258484	0.6095482305706091
379.7990780089452	0.029147729258865183	0.5821706126188602
380.258550427616	0.02976822085682648	0.5945637559369888
380.7179945182184	0.030342426564678657	0.6060324263507071
381.17741028091166	0.03052902149330754	0.6097593062964336
381.6367977158547	0.029694505971375795	0.5930914408515446
382.0961568232064	0.02934148413376699	0.5860404989172948
382.5554876031256	0.030124961870926996	0.6016889813707069
383.0147900557714	0.02925838044650811	0.5843806603153731
383.4740641813028	0.03027898574196514	0.604765316190486
383.9333099798788	0.029803915193237458	0.5952766826361419
384.3925274516582	0.03058684454653854	0.6109142121616187
384.8517165968	0.029995558660374053	0.599104397567352
385.3108774154632	0.029239486399910745	0.5840032875546299
385.7700099078066	0.028463837937561597	0.568511180022533
386.2291140739895	0.02940972501128689	0.5874034810721501
386.68818991417055	0.029210756738131626	0.583429467027358
387.1472374285088	0.02954321901027891	0.5900697706191061
387.60625661716335	0.02951284812556853	0.5894631697752739
388.06524748029295	0.029270088747171852	0.5846145114240976
388.5242100180566	0.02974364141946643	0.5940728282743373
388.9831442306133	0.029977349653825067	0.5987407071828508
389.4420501181221	0.030330086016055732	0.6057859472876372
389.9009276807418	0.029887130437287454	0.5969387493734726
390.3597769186314	0.029521333078707405	0.5896326406281319
390.8185978319498	0.02858029388351894	0.5708371667614988
391.27739042085625	0.02837458413004378	0.5667285044280668
391.73615468550935	0.02872921998725357	0.5738116833439277
392.1948906260683	0.029045510945423292	0.5801289955971551
392.6535982426919	0.029269150220369574	0.5845957661305162
393.1122775355392	0.03003792437580781	0.5999505724146355
393.57092850476914	0.030060193370114806	0.6003953533575266
394.0295511505406	0.029265333081641646	0.5845195260211
394.4881454730127	0.02944725243288231	0.588153020172631
394.9467114723442	0.02922638097753717	0.583741531588467
395.4052491486942	0.02850480765187477	0.5693294723940239
395.8637585022217	0.029387180052085286	0.5869531882536739
396.3222395330855	0.02944943660911724	0.5881966449520809
396.7806922414447	0.029669761574338857	0.592597218432084
397.2391166274582	0.029209689298417895	0.5834081469427683
397.69751269128494	0.028283061433549386	0.5649005120777378
398.1558804330839	0.028757833000852474	0.5743831740449459
398.614219853014	0.028799171063655798	0.5752088234791987
399.0725309512343	0.02890590044401784	0.5773405405103846
399.5308137279037	0.028698783121161284	0.5732037646470819
399.989068183181	0.027614620412691464	0.5515496699415561
400.44729431722544	0.02817152336233554	0.5626727505632829
400.9054921301958	0.028079138391214578	0.5608275359120207
401.36366162225113	0.028311621984769032	0.5654709549421905
401.8218027935503	0.027882900574782085	0.556908057563764
402.2799156442524	0.028575955529503275	0.5707505163648493
402.7380001745162	0.02815802975214383	0.5624032412813937
403.1960563845008	0.028033330229999473	0.5599126047365721
403.6540842743651	0.028311081848317578	0.5654601667405835
404.11208384426806	0.028813610296202906	0.5754972197748908
404.5700550943687	0.028546551186527037	0.5701632203597508
405.02799802482593	0.029133685419498536	0.5818901135523467
405.48591263579874	0.02864368667939509	0.5721033176766944
405.9437989274459	0.02829076965834439	0.5650544692544776
406.4016568999268	0.02849931865287004	0.5692198400451538
406.8594865533999	0.028219595527398493	0.5636329009234092
407.31728788802445	0.027487184950773347	0.5490043881866504
407.77506090395934	0.02821310213479646	0.5635032077165999
408.2328056013635	0.02777066760360841	0.5546664167400288
408.69052198039606	0.027454891069135366	0.5483593791248789
409.14821004121575	0.027912786945854657	0.55750498116624
409.6058697839816	0.027767728168448916	0.5546077070954089
410.0635012088525	0.028065497071782127	0.5605550764180804
410.52110431598766	0.027361004017646635	0.5464841632659706
410.9786791055458	0.02756542036751181	0.5505669923143759
411.436225577686	0.027478388770338993	0.5488287011586016
411.8937437325671	0.027749750193117127	0.5542486311214735
412.3512335703482	0.02732277577183829	0.5457206265304853
412.80869509118816	0.028550454797932962	0.5702411875969717
413.266128295246	0.02801767824487022	0.5595999860072333
413.7235331826805	0.02797240515686114	0.5586957419046633
414.1809097536509	0.02711172357426747	0.5415052590046475
414.638258008316	0.027318005252653415	0.5456253444538958
415.09557794683474	0.027294790704666803	0.5451616778688704
415.5528695693661	0.027105216330798532	0.5413752891530307
416.0101328760691	0.026918289158884733	0.5376417732775672
416.4673678671027	0.027804023506416635	0.5553326376612566
416.92457454262575	0.026891225121173933	0.5371012204333077
417.3817529027973	0.02759799039365549	0.5512175168391238
417.8389029477762	0.027249915975067842	0.5442653902203197
418.2960246777216	0.027630268730712865	0.5518622154273678
418.75311809279225	0.027504511386614732	0.5493504508944779
419.21018319314726	0.026833634212752415	0.5359509512205831
419.6672199789455	0.026318244570192877	0.5256570202053918
420.124228450346	0.025884802121630746	0.5169998290317473
420.5812086075077	0.026799391694602534	0.5352670218387843
421.0381604505895	0.027282756676020453	0.5449213209612206
421.4950839797504	0.027014418985995624	0.5395617843275904
421.9519791951493	0.02707172649390604	0.5407063931523869
422.40884609694535	0.026906624485291457	0.5374087935368654
422.8656846852973	0.02726386083914373	0.5445439124430413
423.3224949603641	0.026204587197691108	0.5233869296655611
423.779276922305	0.027059477108396277	0.540461734899672
424.2360305712786	0.026878665760019564	0.5368503710047551
424.692755907444	0.027184968365261887	0.5429681848445503
425.14945293096014	0.026156132942711904	0.522419147783738
425.606121641986	0.025981935426119977	0.5189398826399729
426.0627620406807	0.026655833355684586	0.5323997161821594
426.51937412720287	0.025813528317655945	0.5155762699208906
426.9759579017117	0.026354869123439897	0.526388526222305
427.4325133643661	0.026468990876410324	0.5286678918816072
427.88904051532506	0.026813305675619667	0.5355449272309566
428.3455393547475	0.026194964031993777	0.523194725174714
428.8020098827922	0.026097978648247363	0.5212576260028925
429.2584520996184	0.026144596591773213	0.5221887310447827
429.714866005385	0.026805996872520645	0.5353989477453555
430.17125160025086	0.02620507835547434	0.523396739611126
430.627608884375	0.02589998437610035	0.5173030657816926
431.0839378579163	0.025459006157238923	0.5084953618829146
431.5402385210338	0.025892973075687987	0.5171630283482408
431.9965108738866	0.026269972427556788	0.524692875672367
432.45275491663335	0.026699857171626803	0.5332790084436105
432.9089706494331	0.027041044851144894	0.5400935855056374
433.365158072445	0.026577604060334152	0.5308372343175547
433.8213171858279	0.02661101522703058	0.531504559030178
434.2774479897406	0.026573374275562972	0.5307527523857343
434.7335504843423	0.026721213743206206	0.533705565472323
435.18962466979184	0.026820543243808906	0.5356894839342845
435.6456705462482	0.026319984468609524	0.5256917713777
436.10168811387024	0.025770272462544968	0.5147123162211146
436.557677372817	0.02712068128964327	0.5416841723869077
437.0136383232476	0.026572708543761592	0.5307394556551209
437.4695709653207	0.02599954191037438	0.5192915387839242
437.92547529919545	0.027225565736248316	0.5437790403639919
438.3813513250307	0.026584775936878198	0.5309804789548106
438.8371990429856	0.027182739692499628	0.5429236713313254
439.2930184532189	0.026498123985427162	0.5292497705025824
439.7488095558896	0.026670537752588052	0.5326934086331613
440.2045723511568	0.027051577693842917	0.5403039590699737
440.6603068391792	0.026349740794770156	0.526286097579604
441.116013020116	0.027039624501419723	0.5400652167126292
441.5716908941261	0.026053691081140546	0.5203730658119577
442.02734046136834	0.02618892286158536	0.5230740642488823
442.4829617220018	0.026739334569942267	0.5340674946322356
442.9385546761855	0.02706115289537253	0.5404952055675031
443.3941193240782	0.02723454230368916	0.543958330280511
443.84965566583895	0.026779886272005768	0.5348774380015225
444.3051637016267	0.026656252779389284	0.5324080933755017
444.76064343160056	0.026527772187540342	0.5298419371316241
445.21609485591927	0.02636711129501866	0.5266330403904247
445.67151797474185	0.026446382254269138	0.5282163275166074
446.12691278822734	0.02612701251500922	0.5218375224479714
446.5822792965346	0.02563904598654234	0.512091316147017
447.0376174998227	0.02594497091623816	0.5182015866337822
447.49292739825046	0.02576101440931786	0.5145274041596662
447.9482089919769	0.02530043357898907	0.5053281752601906
448.403462281161	0.02516434497376934	0.5026100633727876
448.85868726596186	0.025662129632530013	0.5125523682127824
449.31388394653806	0.025893690304910306	0.5171773536422067
449.76905232304887	0.026377701028888235	0.5268445502480563
450.2241923956532	0.026746283970803406	0.5342062957395032
450.6793041645099	0.02594756855790254	0.5182534696013221
451.134387629778	0.026826533242704682	0.535809122806164
451.5894427916165	0.026710815143132418	0.5334978731499035
452.04446965018434	0.026748964286423073	0.5342598299625635
452.4994682056403	0.026964640228458542	0.538567548018215
452.9544384581436	0.026188263210836532	0.523060888975765
453.4093804078531	0.026213429988511134	0.5235635476476981
453.86429405492777	0.025936165316638792	0.5180257114757695
454.3191793995264	0.026313271080218675	0.5255576841720851
454.7740364418083	0.026056829052069345	0.520435740832178
455.22886518193206	0.0260164329787152	0.5196289058513138
455.68366562005696	0.026150498405437206	0.5223066085838421
456.13843775634166	0.026176485396716336	0.5228256494675341
456.5931815909453	0.025738587101314204	0.5140794612008215
457.0478971240268	0.026648829082055816	0.5322598190953883
457.5025843557451	0.025713249742156517	0.5135733954871585
457.9572432862592	0.024860055930552783	0.4965324666170709
458.4118739157281	0.02478406220019848	0.49501463592499617
458.8664762443105	0.0255888444017659	0.5110886346651472
459.3210502721657	0.025600453437295917	0.5113205031410161
459.7755959994524	0.024951016114637136	0.49834922384844127
460.23011342632975	0.025428819487632152	0.507892440386535
460.6846025529566	0.0252323809669884	0.5039689533521611
461.139063379492	0.026223073224049057	0.5237561529955619
461.5934959060948	0.025771661318795405	0.5147400559916715
462.0479001329239	0.026487906152819145	0.529045688667586
462.5022760601385	0.02618937394178531	0.5230830737207016
462.9566236878973	0.024952147315278745	0.49837181743668496
463.41094301635945	0.02547154047992521	0.508745711215536
463.8652340456838	0.025591819946258063	0.5111480655252297
464.3194967760294	0.02549494920313678	0.5092132560825553
464.77373120755504	0.02543493862632118	0.5080146585809567
465.2279373404199	0.02528149655318595	0.5049499440712941
465.6821151747827	0.025660083362590215	0.51251149785013
466.13626471080266	0.026428613101906414	0.5278614223855848
466.5903859486385	0.02632637260428801	0.5258193622770114
467.0444788884494	0.02634659532057397	0.5262232726958426
467.4985435303941	0.02714782306480093	0.5422262778892908
467.9525798746317	0.027272933075746613	0.544725113169699
468.4065879213212	0.02788329201362182	0.5569158758124834
468.8605676706213	0.027485275904549376	0.5489662586075678
469.31451912269125	0.027747780256896306	0.5542092853801414
469.7684422776898	0.026647734137274233	0.5322379496492134
470.2223371357761	0.027567691827325724	0.5506123604178405
470.676203697109	0.027599871658151205	0.5512550915308542
471.1300419618474	0.026840806671088492	0.5360942074780319
471.5838519301504	0.02638822565647527	0.5270547597311253
472.03763360217687	0.02566487129549535	0.512607127732768
472.49138697808576	0.026019115689352935	0.5196824879103195
472.9451120580361	0.026011050812888643	0.5195214072926393
473.3988088421867	0.026478469091359976	0.5288572012560726
473.85247733069673	0.027374252500609996	0.5467487765961948
474.306117523725	0.027978316472170278	0.5588138092210709
474.7597294214305	0.02789228994884434	0.5570955925099316
475.21331302397215	0.028744508732279687	0.5741170470408505
475.6668683315091	0.028787524493858567	0.574976205327501
476.1203953442	0.028364185898128374	0.566520819458913
476.573894062204	0.027886161321783544	0.5569731848032722
477.02736448568	0.02814040530096475	0.5620512262821844
477.4808066147871	0.02901323551741298	0.5794843551116111
477.93422044968406	0.02792141324751076	0.5576772751877558
478.38760599053	0.02841622633766897	0.5675602285785273
478.8409632374837	0.02860938055318486	0.5714181178444806
479.2942921907044	0.028341290409898436	0.5660635254876417
479.74759285035066	0.028156448561689775	0.5623716599997539
480.2008652165818	0.029056628551359376	0.5803510486985558
480.6541092895566	0.027883423470628617	0.5569185014169731
481.107325069434	0.028564249352147575	0.5705167076651775
481.56051255637306	0.0276431785311135	0.5521200642154886
482.0136717505328	0.02867857926781216	0.572800230979653
482.4668026520719	0.028928953867435152	0.5778009889376042
482.91990526114944	0.028919586541763714	0.5776138943662431
483.37297957792464	0.028762071870844685	0.5744678374368322
483.82602560255606	0.02844973737548931	0.5682295480275114
484.2790433352029	0.029124822331646028	0.5817130901754658
484.73203277602414	0.02859878983960216	0.5712065884189366
485.1849939251786	0.02950675244228921	0.5893414200581936
485.6379267828253	0.030371972429255645	0.6066225489814788
486.0908313491232	0.029580899374470525	0.5908223644579917
486.5437076242313	0.03064027251538027	0.6119813345484932
486.9965556083084	0.030693823197685217	0.6130509079041508
487.4493753015136	0.03089535948924247	0.6170762132479776
487.90216670400594	0.0299496732822836	0.5981879241312089
488.35492981594416	0.030843355700621963	0.6160375361610078
488.8076646374874	0.030665911084443217	0.6124934163589687
489.26037116879456	0.03046765727339562	0.6085336723402732
489.71304941002455	0.03191224278509599	0.6373865292373162
490.1656993613363	0.03219025284887845	0.6429392531995076
490.61832102288895	0.03133666847328334	0.625890523554138
491.0709143948412	0.0323254822948354	0.645640205009463
491.5234794773523	0.03261809417348312	0.6514845725409217
491.97601627058094	0.03277165060250734	0.6545515710926667
492.4285247746863	0.03259143875594335	0.650952181109901
492.8810049898272	0.03296574077055744	0.658428154236077
493.33345691616256	0.03295838521824199	0.6582812410235068
493.7858805538514	0.03306998292445444	0.6605101936340007
494.23827590305285	0.03363556805761915	0.6718066844115443
494.6906429639256	0.033001924937554085	0.6591508643725398
495.1429817366287	0.03396266427698483	0.6783398112721432
495.59529222132113	0.03483242455559439	0.6957116239133454
496.0475744181618	0.03375856189834349	0.6742632532036956
496.4998283273098	0.034327017657497884	0.6856170792931432
496.952053948924	0.03436145546134458	0.6863049091365061
497.4042512831633	0.03534673244101547	0.7059839488805316
497.8564203301868	0.03599926512317862	0.719017052110908
498.3085610901533	0.035571643343774606	0.7104761177686549
498.7606735632218	0.03629849936155554	0.7249936887230407
499.2127577495514	0.03551904982764009	0.7094256619926204
499.6648136493009	0.03744890136445782	0.7479707877559263
500.11684126262935	0.03731529875501906	0.7453023289212044
500.5688405896956	0.036540601824921644	0.7298292264418854
501.0208116306587	0.03762791317059481	0.751546209206244
501.4727543856776	0.038195890725946396	0.7628904840813273
501.92466885491126	0.0389047546646044	0.7770486973652881
502.3765550385186	0.038874702178913305	0.7764484559382334
502.8284129366586	0.03980370918267129	0.7950036095921208
503.2802425494902	0.03847170135156296	0.7683992784359319
503.7320438771724	0.038853475449279036	0.7760244922562158
504.18381691986406	0.03944343475263035	0.7878078108737747
504.6355616777244	0.03941611079782588	0.7872620666783294
505.087278150912	0.040474954354896925	0.8084104593356577
505.5389663395861	0.0410268637829144	0.8194338038297979
505.9906262439056	0.04164273996494249	0.8317347629647388
506.4422578640293	0.042101487082739635	0.8408973669328155
506.8938612001164	0.04194421554278053	0.8377561660833922
507.3454362523256	0.04238696286744926	0.8465992045167343
507.7969830208162	0.043210208223832085	0.8630419697711844
508.2485015057469	0.04370276896404694	0.8728799367419265
508.6999917072768	0.04302316113235643	0.8593060587298209
509.1514536255646	0.043130870640144175	0.8614573519481731
509.6028872607695	0.04328623961793266	0.8645605527251865
510.0542926130504	0.042677389131337166	0.8523999185369361
510.50566968256624	0.04379387455330371	0.8746995981659514
510.957018469476	0.044536380301720545	0.8895297428204454
511.4083389739386	0.04456598881450089	0.8901211167303084
511.8596311961131	0.04534520077156684	0.905684398313567
512.3108951361585	0.044518767170953044	0.8891779539249958
512.7621307942334	0.046093765566063295	0.9206355609265355
513.2133381704971	0.045599363587510926	0.91076081871069
513.6645172651084	0.04591008974364373	0.9169669845931896
514.1156680782265	0.046613936633417896	0.9310249918372046
514.56679061001	0.046207324102825326	0.9229036774098415
515.0178848606182	0.046144943049595225	0.9216577341359009
515.4689508302097	0.04648796869320579	0.9285090210461939
515.9199885189439	0.04613684737032524	0.9214960382905741
516.3709979269794	0.04772660645809624	0.9532484621441399
516.8219790544752	0.04887075352490917	0.9761006306869822
517.2729319015904	0.048988712957725875	0.9784566467255971
517.7238564684837	0.04897699724526918	0.9782226475803599
518.1747527553144	0.04939282396402243	0.9865279979476305
518.6256207622414	0.04989207704597488	0.9964996317569896
519.0764604894235	0.049252039645433295	0.9837160980879824
519.5272719370197	0.04917545396780477	0.9821864443713408
519.9780551051891	0.04950507496456968	0.9887699988739221
520.4288099940904	0.0499179888586014	0.9970171710896222
520.8795366038827	0.050009806819553006	0.9988510607877105
521.330234934725	0.049609341824118205	0.990852531720397
521.7809049867761	0.04968781038451004	0.9924197924505962
522.2315467601952	0.04996136381740033	0.9978835036597637
522.6821602551412	0.04971850299714866	0.9930328191998511
523.1327454717729	0.049805493979845315	0.9947702991584625
523.5833024102494	0.0487171165923081	0.9730320242289114
524.0338310707295	0.04878300868692092	0.9743480938981083
524.4843314533723	0.04857990050262551	0.9702913929768899
524.9348035583367	0.04905476022765396	0.9797758157275293
525.3852473857818	0.049421931701009135	0.987109369810405
525.8356629358663	0.04986763365427359	0.9960114213484513
526.2860502087494	0.05006733113840366	1.0
526.7364092045899	0.0487666353634753	0.9740210678034402
527.186739923547	0.049140176920178275	0.9814818522245462
527.6370423657792	0.0488749388899253	0.9761842254184081
528.0873165314458	0.0490868720317852	0.9804171881362931
528.5375624207057	0.04855378913462885	0.9697698679040634
528.987780033718	0.04871318228760262	0.9729534439512213
529.4379693706412	0.04890455048950406	0.9767756609812173
529.8881304316349	0.04891178090214912	0.9769200747661161
530.3382632168576	0.04823547853954578	0.9634122172323949
530.7883677264683	0.04750865402592025	0.9488952755137865
531.2384439606263	0.0453379335359907	0.9055392490604303
531.68849191949	0.04505550106485037	0.8998981958954305
532.1385116032188	0.04440103888726221	0.886826554651949
532.5885030119715	0.04465047472645505	0.891808562650045
533.038466145907	0.04530790404863293	0.9049394669814825
533.4884010051844	0.04563659405529499	0.9115044267217653
533.9383075899626	0.04575365524920841	0.9138425021412018
534.3881859004006	0.044976664630032234	0.8983235875709961
534.8380359366574	0.04481809269606493	0.8951564138165947
535.2878576988917	0.043438326686998416	0.8675982035974287
535.7376511872626	0.042973897917352344	0.8583221194051573
536.1874164019291	0.041969726401224976	0.8382656971163818
536.63715334305	0.043174655853696106	0.8623318785792295
537.0868620107848	0.04387395884546592	0.8762991300750991
537.5365424052918	0.04260492290586237	0.850952543067254
537.9861945267303	0.04398801929093876	0.8785772712333662
538.4358183752591	0.04349845256147534	0.8687991039512265
538.8854139510373	0.04290222280507361	0.8568905449217448
539.3349812542237	0.041360376077963716	0.8260950796383416
539.7845202849775	0.04182465891894375	0.8353682491821658
540.2340310434574	0.04139549162798071	0.8267964461765597
540.6835135298226	0.04044585478813252	0.8078292506575844
541.1329677442317	0.040404411394619116	0.8070014974420875
541.5823936868442	0.03965477553578169	0.792028942349472
542.0317913578185	0.03907034203878653	0.7803559912378472
542.4811607573139	0.038000996815306255	0.758997847703446
542.9305018854892	0.03805546739761797	0.7600857943177579
543.3798147425035	0.03703121359951199	0.7396282665191998
543.8290993285156	0.03684111865901287	0.7358314804718187
544.2783556436846	0.0371650866308136	0.7423021265179564
544.7275836881694	0.036777008217218986	0.734550995939956
545.1767834621289	0.036243300329407285	0.7238911927042663
545.6259549657221	0.035220298460789966	0.7034586698237895
546.0750981991081	0.03458926059399983	0.6908548847798152
546.5242131624457	0.03393614237247252	0.677810086510727
546.9732998558936	0.03396866460144359	0.6784596563775678
547.4223582796114	0.03303086605820382	0.6597289083898608
547.8713884337575	0.03265071991088239	0.6521362097923806
548.3203903184911	0.032633306928331655	0.6517884184781124
548.7693639339712	0.03185096186154724	0.6361625589680938
549.2183092803567	0.031680390461312546	0.6327557186240376
549.6672263578066	0.030682337507997808	0.6128215030276443
550.1161151664796	0.03140131179483339	0.6271816513488766
550.5649757065349	0.03176192528884339	0.6343842222271947
551.0138079781314	0.030452561477479025	0.608232162436013
551.462611981428	0.03124910782058276	0.6241416655171999
551.9113877165839	0.03064226379227794	0.6120211065293871
552.360135183758	0.029452248646891985	0.5882528100754651
552.808854383109	0.028741159392771377	0.5740501503339749
553.257545314796	0.027256889721208485	0.5444046775783906
553.706207978978	0.028165649480046392	0.5625554309004827
554.1548423758138	0.02810206271339472	0.5612854057867828
554.6034485054627	0.027251901514222923	0.5443050476006831
555.0520263680833	0.02788984401533907	0.5570467396252559
555.5005759638345	0.02800912934151996	0.5594292378701421
555.9490972928758	0.028247196274127136	0.5641841735127873
556.3975903553657	0.02756716471473923	0.550601832343245
556.8460551514632	0.02696342991712615	0.538543374343904
557.2944916813275	0.02546250181013402	0.5085651809223047
557.7428999451172	0.02492786972136623	0.49788691852465183
558.1912799429915	0.024489277317894607	0.48912686676516715
558.6396316751093	0.024525884367015423	0.4898580231703444
559.0879551416297	0.024384141539307173	0.48702697890821933
559.5362503427112	0.023409788102874793	0.46756611623112176
559.9845172785134	0.023423880751153012	0.4678475901631102
560.4327559491949	0.02251664831706996	0.4497273422574371
560.8809663549148	0.023413987600819135	0.46764999324099493
561.3291484958318	0.02293079221152579	0.4579990813997279
561.7773023721049	0.023423102239925057	0.46783204087726243
562.2254279838933	0.022390817612403923	0.447214112486283
562.6735253313559	0.022513424001024233	0.4496629426572025
563.1215944146514	0.021724028812416387	0.4338962703296452
563.569635233939	0.021113083094053166	0.42169378785905304
564.0176477893779	0.020831329015915705	0.4160662843081628
564.4656320811265	0.020419435318046655	0.40783948857668617
564.9135881093442	0.019786479273972733	0.39519739157802036
565.3615158741896	0.019382333674157235	0.3871253494160298
565.8094153758219	0.018555426897114667	0.37060945422535935
566.2572866144	0.018241705528173842	0.36434346464545586
566.7051295900827	0.018915196437541203	0.3777951687308464
567.1529443030294	0.01846813499900713	0.3688659640519023
567.6007307533987	0.01966658380963453	0.39280270698016445
568.0484889413497	0.019199548369405465	0.38347455948482134
568.4962188670412	0.018929033637978338	0.3780715405764967
568.9439205306322	0.01769851988110727	0.3534943611369401
569.3915939322818	0.01744802153198524	0.3484911315173546
569.8392390721488	0.016609338821696087	0.3317400343853377
570.2868559503921	0.016858280288178287	0.3367121682257889
570.734444567171	0.018298538315210524	0.36547859182079306
571.1820049226443	0.018869974345589915	0.3768919431778505
571.6295370169707	0.019004947398758198	0.3795877740279312
572.0770408503096	0.017720090115948554	0.35392518568423786
572.5245164228195	0.016486565211094255	0.329287864272363
572.9719637346597	0.016064892364448805	0.32086574858375333
573.419382785989	0.015078459594632837	0.30116362412277004
573.8667735769664	0.014654948611309854	0.29270479513883485
574.3141361077508	0.014096502759333522	0.28155089796811306
574.7614703785011	0.013967422823825305	0.2789727709708996
575.2087763893767	0.014138044790279736	0.2823806212793297
575.656054140536	0.013994696466014414	0.2795175102672375
576.1033036321381	0.013785782973507516	0.2753448593204147
576.5505248643423	0.014376886468491704	0.2871510309966389
576.997717837307	0.013868150408725436	0.27698999268363234
577.4448825511918	0.013249174512281815	0.26462712262979576
577.8920190061551	0.012439208522987731	0.24844958755742316
578.3391272023562	0.011112778776772725	0.22195666807183664
578.786207139954	0.01118260548960614	0.22335132428059373
579.2332588191072	0.011994872937351788	0.23957482662234544
579.6802822399751	0.012590019416931574	0.2514617492510255
580.1272774027163	0.011745281858523065	0.2345897180068318
580.5742443074903	0.01281352627857808	0.2559258750797576
581.0211829544554	0.013343049615170353	0.2665020998380678
581.468093343771	0.013363294042998432	0.2669064439037912
581.9149754755961	0.012156818329474864	0.24280937880788045
582.3618293500894	0.011683559970636267	0.23335694031095353
582.8086549674099	0.012320251040371464	0.2460736373662021
583.2554523277169	0.011781248616573212	0.2353080858117601
583.7022214311687	0.011554777099763642	0.23078474661664977
584.1489622779249	0.01157165906022076	0.2311219317713295
584.595674868144	0.011643094309342537	0.23254871544292344
585.0423592019852	0.010843341071523493	0.21657516071954902
585.4890152796075	0.010419668167681228	0.2081130976802161
585.9356431011698	0.010582361543617221	0.21136258942435845
586.382242666831	0.010429169429057604	0.20830286736336298
586.82881397675	0.011264127159467065	0.22497956508423894
587.2753570310861	0.010874005289965592	0.21718762034855923
587.7218718299977	0.011206336559929562	0.22382530742005455
588.1683583736442	0.010996532761833995	0.2196348743069727
588.6148166621844	0.010637486303418778	0.21246360199381586
589.0612466957773	0.009858027127881688	0.1968953826902822
589.5076484745817	0.009960167465788742	0.1989354422985078
589.954021998757	0.008343159325476086	0.1666387702801941
590.4003672684617	0.00925260023975904	0.18480312839094098
590.8466842838549	0.009174512532927361	0.18324347448856956
591.2929730450957	0.010358852207600147	0.20689841417476523
591.7392335523426	0.010115345434893647	0.20203482803918815
592.1854658057551	0.010294434757703209	0.20561179773808158
592.6316698054919	0.0093642467101584	0.18703305497361936
593.0778455517121	0.009361765555960974	0.18698349862239055
593.5239930445747	0.008163027483532011	0.1630409782380355
593.9701122842383	0.008632653556081348	0.17242086870255852
594.4162032708622	0.008928415968833635	0.1783281621798559
594.8622660046052	0.00936533365588117	0.18705476465375936
595.3083004856263	0.009985374858627006	0.19943891218133522
595.7543067140844	0.009960804521532748	0.19894816627924025
596.2002846901385	0.00974749408365156	0.19468769468445932
596.6462344139476	0.010248024878021417	0.2046848483770212
597.0921558856708	0.010272313025262046	0.205169958071776
597.5380491054667	0.009383259260930176	0.18741279463058166
597.9839140734946	0.009968194972404433	0.19909577652430932
598.4297507899132	0.010706044059841885	0.21383291320401202
598.8755592548816	0.010975409461424411	0.2192129764276332
599.3213394685588	0.010047737422066653	0.200684486156765
599.7670914311035	0.010858889541406212	0.21688571192808634
600.2128151426749	0.011063599925340757	0.2209744137495866
600.6585106034319	0.010564630888013085	0.21100845319310502
601.1041778135337	0.009986786584516044	0.19946710872956608
601.5498167731388	0.008722131788722486	0.17420802676338956
601.9954274824065	0.008671955918544966	0.17320585888188247
602.4410099414955	0.007030975092592901	0.14043037791623444
602.8865641505649	0.007130796627168425	0.1424241238239867
603.3320901097737	0.00760635187668085	0.15192243835759223
603.7775878192808	0.007615831402610353	0.1521117739163947
604.223057279245	0.007811562862331188	0.156021138749306
604.6684984898258	0.008369456167550617	0.1671639998460974
605.1139114511815	0.008631952029197757	0.17240685703303965
605.5592961634716	0.008381739244643327	0.16740933102430794
606.0046526268546	0.0068346296221830595	0.13650874938387464
606.4499808414897	0.0061671861363724765	0.12317783111909929
606.8952808075358	0.006810323336868834	0.1360232774154866
607.3405525251519	0.006782357683481323	0.13546471650740133
607.7857959944969	0.006576937281669564	0.13136183342488214
608.23101121573	0.007220982792934672	0.14422542150686574
608.6761981890097	0.00688074490963557	0.13742981482365407
609.1213569144952	0.0065797282567092	0.13141757786006414
609.5664873923457	0.006197273133481658	0.12377876184630224
610.0115896227197	0.0047123878837133865	0.09412099408310161
610.4566636057765	0.004215186768160159	0.08419034441237243
610.901709341675	0.004722756898952048	0.09432809550452748
611.346726830574	0.005036857059627547	0.10060165073120356
611.7917160726325	0.005044600715326766	0.10075631557308375
612.2366770680097	0.004365107086152479	0.08718471853973028
612.6816098168644	0.00527826914891041	0.10542339953657255
613.1265143193555	0.0045985743545799915	0.0918477846106018
613.571390575642	0.005220090735224197	0.10426139602000022
614.0162385858827	0.0052138976221378875	0.10413770032723631
614.4610583502368	0.005775605671425317	0.1153567537046517
614.9058498688631	0.00440105128142103	0.0879026356958716
615.3506131419208	0.0037830681886365323	0.07555959501293173
615.7953481695686	0.003639768217022217	0.07269744975337458
616.2400549519656	0.004157216964764591	0.08303250749086455
616.6847334892707	0.004348762772893788	0.08685827186854751
617.1293837816428	0.0049548117712527135	0.09896295164043854
617.574005829241	0.004783682342062416	0.09554496572592631
618.0185996322241	0.005209854099081956	0.10405693862005612
618.463165190751	0.00516319708412281	0.10312505320035888
618.907702504981	0.005432336598311884	0.10850060475154162
619.3522115750729	0.005535527822878391	0.11056165382847961
619.7966924011856	0.005475225614556459	0.10935723154042801
620.2411449834781	0.005680253752845779	0.1134522799027543
620.6855693221092	0.004882914474861169	0.09752693945059748
621.129965417238	0.00457927057781022	0.09146222826644664
621.5743332690234	0.005680376673461243	0.11345473500901071
622.0186728776246	0.005174838550252788	0.10335756941597887
622.4629842432001	0.005323627877823812	0.10632935415384522
622.9072673659093	0.005723468651090996	0.11431541556678423
623.3515222459112	0.00634742799865764	0.12677782060899043
623.7957488833642	0.004944083522689309	0.09874867521439888
624.2399472784278	0.005067574382974648	0.10121517103001292
624.6841174312607	0.0042404793652701615	0.0846955160889944
625.1282593420219	0.004242546353632893	0.0847368002628662
625.5723730108703	0.004855704717816427	0.09698347613890251
626.016458437965	0.00420657243499098	0.08401828943869268
626.4605156234649	0.004083542980880736	0.0815610093366751
626.904544567529	0.003352584929384107	0.06696150803560703
627.3485452703161	0.0030282001788893126	0.06048253762520006
627.7925177319854	0.003597592181160556	0.07185506339594207
628.2364619526957	0.0034845921060665205	0.0695981011257019
628.6803779326058	0.004750273238873291	0.09487768222794929
629.1242656718749	0.0048941452548328344	0.09775125298879933
629.568125170662	0.0051626607889898694	0.10311434172180674
630.0119564291259	0.004779946906309314	0.09547035747853673
630.4557594474257	0.0047473587365731125	0.09481947056992554
630.8995342257202	0.004358078211254551	0.08704433008924774
631.3432807641686	0.004096838941067	0.08182657093441775
631.7869990629295	0.003775579489837025	0.07541002245176648
632.2306891221622	0.0032211779053671354	0.06433690185721253
632.6743509420254	0.003486403153462458	0.06963427336398445
633.1179845226782	0.004127386775113273	0.08243670600576725
633.5615898642794	0.004131020225231575	0.08250927728344987
634.0051669669881	0.004809179951493601	0.09605423213499388
634.4487158309635	0.004076082427313611	0.08141199892316789
634.8922364563641	0.005012392050453601	0.1001130085546322
635.3357288433492	0.00489517901948139	0.0977719004778046
635.7791929920776	0.004390634716481513	0.08769458455931764
636.2226289027082	0.0028485441723215908	0.05689424949257766
636.6660365754	0.003613850557072346	0.07217979363154373
637.109416010312	0.0040203655534163775	0.08029915999720136
637.5527672076031	0.003667375225197938	0.07324884740328733
637.9960901674325	0.004309026688293276	0.08606461891180571
638.4393848899589	0.0035502492355743314	0.07090947781238184
638.8826513753413	0.004079378129232428	0.08147782432088148
639.3258896237387	0.002378423269864384	0.04750447573876199
639.76909963531	0.00249703291079412	0.049873478451745834
640.2122814102142	0.003194722117045878	0.0638084976413671
640.6554349486103	0.002077414544226244	0.04149239710772562
641.0985602506573	0.0031602682605808455	0.0631203471773861
641.541657316514	0.004133842344546229	0.08256564376648087
641.9847261463394	0.004477475552313052	0.08942906561895235
642.4277667402927	0.0044491912189930545	0.08886413968338099
642.8707790985325	0.0033084737477434762	0.06608047080996125
643.3137632212178	0.0020210510152861875	0.040366642473231476
643.7567191085078	0.0017274814859330255	0.03450314768448135
644.1996467605612	0.0011747293786328558	0.023462972269252116
644.6425461775373	0.0021212648501364537	0.042368223835234205
645.0854173595947	0.003373748251935891	0.06738420528136152
645.5282603068927	0.0027706562225987994	0.055338585359749295
645.9710750195898	0.0023214286619763643	0.046366116498705326
646.4138614978455	0.0021293622611898854	0.04252995426965216
646.8566197418182	0.0011369093234214508	0.022707588367077643
647.2993497516673	0.0008697895145264511	0.0173723766001113
647.7420515275516	0.0008367163295731084	0.01671180243204768
648.18472506963	0.0008510081387572846	0.016997254225555914
648.6273703780614	0.0010321285652388939	0.020614791369656247
649.0699874530051	0.0016901760381164744	0.033758042089407164
649.5125762946197	0.0020896011592971644	0.041735801639927204
649.9551369030644	0.0022022299599322396	0.04398534840672563
650.397669278498	0.002327795504088723	0.046493282099402594
650.8401734210794	0.0010695554062787006	0.021362321564223158
651.2826493309678	0.00212065318795568	0.04235600704278525
651.725097008322	0.0024377689082167833	0.04868979235517328
652.1675164533008	0.0017658088299057002	0.035268663717925204
652.6099076660637	0.001113910956105017	0.02224823958109568
653.052270646769	0.00123920424446871	0.024750735480464362
653.4946053955762	0.002320850902850656	0.04635457685550663
653.9369119126437	0.0033407473322447844	0.06672507447490789
654.379190198131	0.004406988612966804	0.08802122263728351
654.8214402521968	0.004843749026344635	0.09674468386779994
655.263662075	0.007882179764232061	0.1574315774866156
655.7058556666996	1e-09	0.0
656.1480210274548	1e-09	0.0
656.5901581574244	1e-09	0.0
657.0322670567672	1e-09	0.0
657.4743477256422	0.00185828931955805	0.037115786170764234
657.9164001642087	0.002904301745805004	0.058007901315618345
658.3584243726252	0.002901764729596655	0.05795722922662667
658.8004203510508	0.0024022390061967666	0.04798014992123882
659.2423880996446	0.003485616160375983	0.069618554669093
659.6843276185655	0.004854491801853491	0.09695925044203427
660.1262389079725	0.005544624721277461	0.11074334712776127
660.5681219680243	0.006324774980507927	0.12632536951788786
661.0099767988804	0.005844452873035944	0.11673184603372755
661.4518034006992	0.005188183288075015	0.10362410525452544
661.8936017736398	0.004267062085097329	0.08522645552102888
662.3353719178613	0.0038702283666602333	0.07730045432743403
662.7771138335224	0.002708409905035992	0.0540953331753261
663.2188275207824	0.002078317879037804	0.04151043950801066
663.6605129798002	0.0018652665085034364	0.03725514229233291
664.1021702107346	0.0007104851863296467	0.014190574659475931
664.5437992137446	0.0005749373401147618	0.011483263408003505
664.9853999889892	0.0004127522929544363	0.008243924567446416
665.4269725366273	0.0006254249953016516	0.012491658603979086
665.8685168568178	0.0006785074666060853	0.013551880332553293
666.3100329497199	0.0011408702226986952	0.0227866998209198
666.7515208154923	0.0018937979320550367	0.03782500338683764
667.1929804542941	0.0012720909836694413	0.02540758574809039
667.6344118662844	0.0015205083364440255	0.030369251410866327
668.0758150516218	0.0009607872240442643	0.01918988333087293
668.5171900104656	0.002043687582012698	0.040818764978344795
668.9585367429745	0.0005475444647525182	0.01093614265507899
669.3998552493074	0.001713618308933145	0.034226257006237513
669.8411455296236	0.000205155883593667	0.004097579859492147
670.2824075840819	0.0018362381744684909	0.036675356352984814
670.7236414128412	0.0008961040073499033	0.017897958706261353
671.1648470160604	0.0008268896721202361	0.016515533579170804
671.6060243938988	0.0007142480381454112	0.014265730490740805
672.047173546515	0.0005039113922189263	0.010064654752429203
672.488294474068	0.00117943811096225	0.023557020270541133
672.9293871767168	0.0023603031251854803	0.047142560201648004
673.3704516546204	0.003090870508215701	0.06173425864074345
673.8114879079377	0.0029361905130754554	0.0586448189859295
674.2524959368278	0.0021781447513142768	0.043504292026219964
674.6934757414498	0.002082689983929595	0.041597764014424415
675.1344273219621	0.0023290797298384834	0.046518932074070915
675.5753506785242	0.004118528508766791	0.08225977892932848
676.0162458112947	0.003493949588257962	0.06978499909221168
676.4571127204325	0.004065106158146875	0.08119276875578342
676.8979514060969	0.004114938498661753	0.0821880752835556
677.3387618684468	0.0033257163590982297	0.06642485928258579
677.7795441076411	0.0029934253609665003	0.05978797656459063
678.2202981238386	0.0029897993306241513	0.059715553482865974
678.6610239171986	0.0031291240546592815	0.062498300708451755
679.1017214878797	0.003273512543298569	0.0653821870319315
679.542390836041	0.003102580128168453	0.06196813609976478
679.9830319618416	0.003158429334662167	0.06308361811846494
680.4236448654401	0.0032015624433028578	0.06394512019020425
680.8642295469957	0.003951456384530342	0.0789228299892791
681.3047860066674	0.004281864838450286	0.08552211245564147
681.7453142446142	0.0029563300869359373	0.059047068792436236
682.1858142609949	0.002176169395750929	0.04346483804379495
682.6262860559685	0.0015883462059506975	0.031724184244695176
683.066729629694	0.0006319885286915568	0.012622752740050678
683.5071449823304	0.0005001012079489163	0.009988553545125413
683.9475321140363	1e-09	0.0
684.3878910249712	1e-09	0.0
684.8282217152937	1e-09	0.0
685.268524185163	1e-09	0.0
685.7087984347379	1e-09	0.0
686.1490444641772	0.0006440075593008337	0.012862810090343815
686.5892622736403	0.0020660915173635235	0.041266241112760046
687.0294518632857	0.002615252296168906	0.052234686549880616
687.4696132332725	0.001081271438274687	0.021596327091651907
687.90974638376	1e-09	0.0
688.3498513149066	1e-09	0.0
688.7899280268716	1e-09	0.0
689.2299765198139	1e-09	0.0
689.6699967938926	0.00029459135355297935	0.005883883816824829
690.1099888492664	0.0008929251493921512	0.01783446704515291
690.5499526860945	0.0019505949902501724	0.03895941694630104
690.9898883045355	0.003336721032090349	0.06664465676253326
691.4297957047487	0.0031252073521861943	0.062420072001982685
691.8696748868929	0.0023307242107007955	0.04655177746162736
692.309525851127	0.0024847210150739547	0.04962757167608732
692.7493485976102	0.0008859347465196755	0.01769484700044208
693.1891431265014	0.0003965234108725202	0.007919783415180981
693.6289094379594	1e-09	0.0
694.0686475321434	1e-09	0.0
694.5083574092118	1e-09	0.0
694.9480390693242	1e-09	0.0
695.3876925126392	0.0009956461709071602	0.019886124707565747
695.827317739316	0.0019798012863686196	0.03954275734087991
696.2669147495134	0.003424772880318629	0.06840332549891033
696.7064835433903	0.0048042821517571485	0.09595640787068993
697.1460241211057	0.003646864912833972	0.07283919279803339
697.5855364828187	0.001580063872598058	0.031558760337933145
698.0250206286883	0.0024697412506304098	0.04932837928052448
698.4644765588732	0.002617479623122371	0.052279173183126436
698.9039042735324	0.0028527697182520084	0.056978646761589945
699.3433037728249	0.002856672466809662	0.05705659676505258
699.7826750569099	0.003350600804242662	0.06692187889748523
700.2220181259461	0.0024869884681065035	0.04967285975169033
700.6613329800924	0.001736749823513695	0.03468826515639464
701.1006196195079	0.00034993338767246	0.006989236028866011
701.5398780443516	0.0017193592811282992	0.03434092204188619
701.9791082547823	0.0024124933448613235	0.04818496089550508
702.418310250959	0.0027762059373869843	0.0554494303912867
702.8574840330408	0.0023208575799304964	0.04635471021751779
703.2966296011866	0.001866321907057325	0.03727622187758284
703.7357469555554	0.0005438258246015267	0.010861869867999833
704.174836096306	0.0005266233135818561	0.01051828232354486
704.6138970235972	1e-09	0.0
705.0529297375883	1e-09	0.0
705.4919342384385	1e-09	0.0
705.9309105263061	1e-09	0.0
706.3698586013504	1e-09	0.0
706.8087784637304	0.00018749350128412858	0.0037448072578632322
707.247670113605	0.0005973774079707769	0.011931461220708572
707.686533551133	0.0009999493960492635	0.0199720734715643
708.1253687764736	0.0012199239973376176	0.024365649096233462
708.5641757897856	0.0013666957748685513	0.027297137096995737
709.0029545912282	0.0020476513537122515	0.040897933803376925
709.4417051809601	0.0021753754200516356	0.04344897988445035
709.8804275591402	0.0025416771651967478	0.05076516279519326
710.3191217259277	0.002619199521213254	0.052313524886844785
710.7577876814815	0.0025680565748598034	0.05129204149214262
711.1964254259605	0.0011787124787743524	0.023542527143268484
711.6350349595236	0.0017996073375220632	0.03594372483108886
712.0736162823298	0.00044490986521564295	0.008886211107837362
712.5121693945382	0.001737707332319525	0.03470738957951013
712.9506942963078	0.0016826091835148945	0.0336069085142662
713.3891909877972	0.0011266635768548518	0.022502949003678874
713.8276594691655	0.0013688213166179978	0.027339590763759487
714.2660997405717	0.00042422915910985814	0.008473153210629419
714.704511802175	1e-09	0.0
715.142895654134	1e-09	0.0
715.5812512966079	0.00018814421705678875	0.003757804071770852
716.0195787297555	0.00011372659069014961	0.00227145306881298
716.4578779537359	0.00020620935235213337	0.004118620900737091
716.8961489687078	0.0003671528859482234	0.007333162861556363
717.3343917748304	0.000632620828614189	0.012635381732267446
717.7726063722625	0.0012329778888237478	0.02462637583061384
718.2107927611634	0.002087334912606851	0.04169053765872332
718.6489509416917	0.001868254441471973	0.0373148205887445
719.0870809140064	0.002259204055538315	0.04512329795283842
719.5251826782664	0.0020302540816476374	0.04055045627628447
719.9632562346311	0.0001810233973312454	0.0036155791976691387
720.401301583259	0.0004911414836748323	0.00980960003893053
720.8393187243091	1e-09	0.0
721.2773076579407	1e-09	0.0
721.7152683843123	1e-09	0.0
722.1532009035832	1e-09	0.0
722.5911052159121	1e-09	0.0
723.0289813214582	1e-09	0.0
723.4668292203802	1e-09	0.0
723.9046489128375	1e-09	0.0
724.3424403989885	0.0005037111796551845	0.010060655886038918
724.7802036789925	0.001094075546893284	0.021852064886800998
725.2179387530084	0.0010205170132968472	0.020382872633227758
725.6556456211953	0.0001625114942140196	0.0032458390284599474
726.0933242837118	0.00021257451846322742	0.004245753026486526
726.530974740717	1e-09	0.0
726.9685969923701	1e-09	0.0
727.4061910388298	1e-09	0.0
727.8437568802552	1e-09	0.0
728.2812945168051	0.0006851889901724448	0.013685331098709374
728.7188039486385	0.00032160854353885957	0.006423500966594853
729.1562851759146	0.0008554127372892567	0.017085227730829638
729.593738198792	0.0007485994698476152	0.014951835214265
730.03116301743	0.0007184391330825115	0.014349439666475053
730.4685596319872	0.002145039162649126	0.04284307065544514
730.9059280426229	0.00270772195415205	0.05408159266066234
731.3432682494958	0.0024807612024510058	0.049548481926104594
731.7805802527649	0.0024923562846466177	0.04978007171057201
732.2178640525894	0.0015076520017172962	0.0301124704982195
732.6551196491281	0.0016347131203448043	0.03265027545558924
733.0923470425398	0.0012076728735641701	0.02412095612499691
733.5295462329836	0.00036232421157037745	0.007236719245240139
733.9667172206184	0.000878349470301856	0.01754334548844112
734.4038600056034	0.0005696849513955008	0.011378356901010989
734.8409745880973	1e-09	0.0
735.2780609682591	0.0016368123026895022	0.03269220264321628
735.7151191462477	0.0013085523993365742	0.026135833401127625
736.1521491222222	0.0005564080344112577	0.011113175655125877
736.5891508963417	1e-09	0.0
737.0261244687648	1e-09	0.0
737.4630698396505	1e-09	0.0
737.8999870091579	1e-09	0.0
738.3368759774462	1e-09	0.0
738.7737367446739	2.3545999292997396e-05	0.00047026672338850025
739.2105693110002	0.001238814685398969	0.02474295477658692
739.6473736765839	0.0006419611237725166	0.012821936420374595
740.0841498415843	0.0006944903554923545	0.013871108237098768
740.5208978061601	0.0010247253196752641	0.020466925574872213
740.95761757047	0.00042557228899603135	0.008499979683749923
741.3943091346736	0.0006889995393922139	0.013761439595192717
741.8309724989294	0.00045742973083772397	0.009136271688009536
742.2676076633965	0.0013020910693746935	0.026006780584769747
742.7042146282336	0.0012591994558795632	0.02515010192072749
743.1407933935999	0.00044187073542119613	0.008825510251889069
743.5773439596546	0.0006139137316458824	0.012261742935938711
744.0138663265562	1e-09	0.0
744.4503604944639	1e-09	0.0
744.8868264635367	1e-09	0.0
745.3232642339333	0.0001590053731849006	0.003175810907938505
745.759673805813	0.0001453913639960897	0.002903896884339144
746.1960551793346	0.0008629460068339691	0.01723569050813148
746.632408354657	0.0014404562436816292	0.02877036262368506
747.0687333319391	0.002899424509472158	0.05791048776631656
747.50503011134	0.0022303963290706548	0.04454791823141078
747.9412986930188	0.0013987687195398985	0.027937733361719386
748.3775390771341	0.000470513204655755	0.009397589273386343
748.8137512638451	1e-09	0.0
749.2499352533107	0.00019238068512748849	0.0038424194898286678
749.68609104569	1e-09	0.0
750.1222186411416	1e-09	0.0
750.5583180398247	1e-09	0.0
750.9943892418984	1e-09	0.0
751.4304322475213	0.0010220768715244045	0.020414027844085723
751.8664470568526	0.0013285642472460359	0.026535532123910365
752.3024336700512	0.001977600564471554	0.039498802093196804
752.7383920872762	0.0028896565984028364	0.057715392261077525
753.1743223086863	0.002390954381655465	0.04775476093983903
753.6102243344405	0.0014823625854936925	0.029607362353772912
754.046098164698	1e-09	0.0
754.4819437996176	1e-09	0.0
754.9177612393582	1e-09	0.0
755.3535504840789	1e-09	0.0
755.7893115339384	1e-09	0.0
756.225044389096	1e-09	0.0
756.6607490497105	1e-09	0.0
757.0964255159407	1e-09	0.0
757.5320737879458	1e-09	0.0
757.9676938658847	1e-09	0.0
758.4032857499163	1e-09	0.0
758.8388494401996	1e-09	0.0
759.2743849368935	1e-09	0.0
759.709892240157	1e-09	0.0
760.1453713501493	1e-09	0.0
760.5808222670288	0.00012680410297879194	0.002532651583942337
761.0162449909549	1e-09	0.0
761.4516395220863	1e-09	0.0
761.8870058605825	1e-09	0.0
762.3223440066016	1e-09	0.0
762.7576539603032	1e-09	0.0
763.192935721846	1e-09	0.0
763.6281892913893	1e-09	0.0
764.0634146690915	1e-09	0.0
764.4986118551119	1e-09	0.0
764.9337808496093	1e-09	0.0
765.368921652743	1e-09	0.0
765.8040342646716	1e-09	0.0
766.2391186855542	0.0010331527499093012	0.020635247516760078
766.6741749155497	0.002134869704988914	0.042639955018320096
767.1092029548171	0.0037122286846553547	0.07414471022108539
767.5442028035154	0.004343838092536473	0.08675991071480312
767.9791744618035	0.004497405029591223	0.08982711914453638
768.4141179298402	0.004580125620873948	0.09147930613062202
768.8490332077848	0.003737038877157298	0.07464024678022205
769.2839202957962	0.003088621350359899	0.06168933597661127
769.7187791940331	0.0029225715307498825	0.05837280563335158
770.1536099026547	0.0023299384443492437	0.046536083268440304
770.5884124218197	0.0025374556538099616	0.05068084610854118
771.0231867516875	0.002256464894094118	0.04506858839599516
771.4579328924165	0.002283200385180112	0.045602579144295254
771.8926508441659	0.00192838643053873	0.03851584306988202
772.3273406070949	0.001774173404485394	0.03543573023728166
772.7620021813623	0.0016696415760924963	0.033347905140478314
773.1966355671268	0.00028311835217844603	0.005654732365313076
773.6312407645477	1e-09	0.0
774.0658177737838	1e-09	0.0
774.5003665949941	1e-09	0.0
774.9348872283376	1e-09	0.0
775.3693796739731	0.00022731508060354626	0.0045401678095310935
775.8038439320597	0.00026984919488399627	0.005389706104520477
776.2382800027565	0.001751361081030989	0.034980097324734824
776.6726878862221	0.001016212264962667	0.020296893446355192
777.1070675826156	1e-09	0.0
777.541419092096	1e-09	0.0
777.9757424148225	1e-09	0.0
778.4100375509536	1e-09	0.0
778.8443045006485	1e-09	0.0
779.2785432640661	1e-09	0.0
779.7127538413654	1e-09	0.0
780.1469362327056	2.0318144147117048e-05	0.0004057964363378941
780.581090438245	0.002024586383461606	0.040437254750052415
781.0152164581432	0.0022450675522962594	0.04484094810108923
781.4493142925588	0.0005558513669186185	0.011102057277311434
781.8833839416511	1e-09	0.0
782.3174254055787	1e-09	0.0
782.7514386845007	1e-09	0.0
783.185423778576	1e-09	0.0
783.6193806879637	8.972985188040395e-05	0.0017921637050020828
784.0533094128227	1e-09	0.0
784.4872099533119	0.0005909184500434108	0.01180245578124313
784.9210823095902	0.0007507442828488945	0.014994673787748951
785.354926481817	0.00035498680849588055	0.0070901685293498825
785.7887424701506	1e-09	0.0
786.2225302747502	1e-09	0.0
786.656289895775	1e-09	0.0
787.0900213333838	1e-09	0.0
787.5237245877355	1e-09	0.0
787.957399658989	1e-09	0.0
788.3910465473034	1e-09	0.0
788.8246652528378	1e-09	0.0
789.2582557757509	1e-09	0.0
789.6918181162015	0.00038012700089034044	0.0075922962107134295
790.125352274349	0.0008183394724130796	0.016344759549808328
790.558858250352	1e-09	0.0
790.9923360443698	0.00015297393592390455	0.003055344383274157
791.4257856565612	0.00042188810764887206	0.008426395145949027
791.8592070870849	0.0005243707866321154	0.010473292368148517
792.2926003361001	0.001011407572138123	0.02020092881610105
792.725965403766	0.003003211813341247	0.05998344239725424
793.1593022902413	0.0027978388880161432	0.0558815075675483
793.5926109956847	0.003130842536351069	0.06253262412228343
794.0258915202555	0.003492966666152483	0.06976536708661518
794.4591438641128	0.0018274515177479902	0.03649985954306483
794.892368027415	0.002520881194685224	0.05034980271000325
795.3255640103215	0.0031322832248503493	0.06256139914374548
795.7587318129912	0.0045570164818156105	0.09101774488910075
796.1918714355832	0.003750705366735857	0.07491320900011234
796.6249828782561	0.002820898077306148	0.05634207115714377
797.058066141169	0.0024592461804176535	0.04911876014997079
797.4911212244808	0.001934928835204175	0.03864651519973915
797.9241481283507	0.0015791088472155703	0.031539685516490744
798.3571468529375	0.001846759275189794	0.03688549539359711
798.7901173984001	0.0028167680366567075	0.05625958142505653
799.2230597648975	0.0022500686129020213	0.044940834805491825
799.6559739525889	0.0014714962460532974	0.029390327824263218
800.0888599616328	0.000923579183535898	0.018446723262111317
800.5217177921884	0.0013037926269496855	0.026040765971453803
800.9545474444147	0.0018679653651932243	0.0373090468381181
801.3873489184706	0.0035732513193986373	0.07136890082856266
801.8201222145152	0.003022886742403686	0.060376411804811035
802.2528673327072	0.0031810951043621874	0.06353632389761003
802.6855842732057	0.003228011046963898	0.06447338090608279
803.1182730361697	0.003174452838210851	0.06340365722389335
803.5509336217581	0.001625724656359007	0.0324707479281387
803.9835660301299	0.0011138127535984226	0.022246278172202438
804.4161702614439	3.6472400219904295e-05	0.0007284470755497557
804.8487463158591	1e-09	0.0
805.2812941935349	0.000338118679216647	0.006753259626226745
805.7138138946297	0.0007485288166379876	0.014950424050349681
806.1463054193025	0.00044857779264094455	0.008959471004363942
806.5787687677125	1e-09	0.0
807.0112039400187	1e-09	0.0
807.4436109363799	0.00023105348602970923	0.0046148353705100535
807.875989756955	0.0014830051328289344	0.02962019601862913
808.308340401903	0.0018025862224018063	0.0360032224090805
808.7406628713832	0.0029083175498230028	0.05808810938756662
809.1729571655541	0.0032313673696237506	0.06454041708817147
809.6052232845747	0.0030591878281977687	0.06110145717259345
810.0374612286042	0.0033731419278729816	0.06737209510769672
810.4696709978015	0.004381009473057712	0.08750233856982322
810.9018525923253	0.00485165392801025	0.09690256929216276
811.334006012335	0.004392306679755276	0.08772797885594062
811.7661312579891	0.003678702482744137	0.07347508789813469
812.1982283294468	0.003015124499316783	0.06022137571510053
812.6302972268672	0.0006629660641469349	0.013241470282403054
813.0623379504091	1e-09	0.0
813.4943505002312	1e-09	0.0
813.9263348764928	1e-09	0.0
814.358291079353	1e-09	0.0
814.7902191089703	0.0002879682920671778	0.005751600719893295
815.2221189655039	0.0012774320963910481	0.025514264348823486
815.6539906491128	0.0023467563297938925	0.04687198864622175
816.0858341599559	0.002597369138880054	0.051877504386593366
816.5176494981922	0.002904576793220368	0.05801339486629509
816.9494366639805	0.0023836908519441983	0.04760968570432742
817.3811956574799	0.0014646297242539162	0.029253182069129087
817.8129264788495	0.0009964868666765628	0.01990291601173712
818.2446291282478	0.0012320823522979603	0.02460848918630283
818.6763036058343	0.0013703017320498073	0.02736915925538301
819.1079499117676	0.0026034212418402447	0.05199838366942032
819.5395680462068	0.0033178270476391294	0.06626728524304161
819.9711580093108	0.002615272236100718	0.05223508481221569
820.4027198012385	0.001740497554190882	0.03476311897158364
820.8342534221491	0.0005883535739160608	0.011751227243187282
821.2657588722014	0.0007566406685817712	0.015112442914174845
821.6972361515543	0.001907920704031245	0.03810707898258377
822.1286852603669	0.003381835608772542	0.06754573490186046
822.5601061987979	0.0034167359986798885	0.0682428040247969
822.9914989670065	0.002787915873145929	0.05568331415793801
823.4228635651518	0.0016634743400789618	0.03322472629318436
823.8541999933923	1e-09	0.0
824.2855082518873	1e-09	0.0
824.7167883407957	1e-09	0.0
825.1480402602765	1e-09	0.0
825.5792640104884	1e-09	0.0
826.0104595915906	1e-09	0.0
826.441627003742	1e-09	0.0
826.8727662471017	1e-09	0.0
827.3038773218284	0.0010778749028392152	0.021528487735607105
827.7349602280813	0.0012811443891410058	0.02558841035860063
828.166014966019	0.0016939135914484332	0.033832692631419824
828.5970415358009	0.002136455958152916	0.042671637417993034
829.0280399375857	0.0027743618387228454	0.05541259801658165
829.4590101715324	0.0006384210430174261	0.01275123001870899
829.8899522378	0.0006934959159535879	0.013851246192607527
830.3208661365475	0.0005571096843574989	0.011127189782587869
830.7517518679336	1e-09	0.0
831.1826094321176	1e-09	0.0
831.6134388292581	1e-09	0.0
832.0442400595147	0.0002606594444896676	0.005206158262665819
832.4750131230455	0.0009965019237809336	0.019903216748851107
832.9057580200099	0.00030182078477837163	0.0060282779997262856
833.336474750567	1e-09	0.0
833.7671633148755	1e-09	0.0
834.1978237130946	1e-09	0.0
834.628455945383	1e-09	0.0
835.0590600118998	1e-09	0.0
835.4896359128039	1e-09	0.0
835.9201836482545	1e-09	0.0
836.35070321841	1e-09	0.0
836.7811946234299	1e-09	0.0
837.2116578634729	1e-09	0.0
837.6420929386982	1e-09	0.0
838.0724998492643	1e-09	0.0
838.5028785953306	1e-09	0.0
838.9332291770559	1e-09	0.0
839.3635515945991	1e-09	0.0
839.7938458481193	1e-09	0.0
840.2241119377753	1e-09	0.0
840.6543498637261	1e-09	0.0
841.0845596261308	1e-09	0.0
841.5147412251482	1e-09	0.0
841.9448946609374	1e-09	0.0
842.3750199336571	0.0006455106503790969	0.012892831485015913
842.8051170434666	0.0016094504297805904	0.03214570110552146
843.2351859905245	0.0024986623142153465	0.049906022696000966
843.6652267749901	0.0025925606967008834	0.05178146487008872
844.095239397022	0.00245724369271927	0.04907876425458656
844.5252238567795	0.002608469928571932	0.05209922161539689
844.9551801544214	0.0015770323837358718	0.03149821209512079
845.3851082901067	0.0006790425460115441	0.013562567529253807
845.8150082639943	1e-09	0.0
846.2448800762432	1e-09	0.0
846.6747237270125	1e-09	0.0
847.1045392164608	1e-09	0.0
847.5343265447474	1e-09	0.0
847.964085712031	1e-09	0.0
848.3938167184708	1e-09	0.0
848.8235195642255	1e-09	0.0
849.2531942494543	1e-09	0.0
849.6828407743161	0.0005849072448855876	0.011682393354482883
850.1124591389697	0.0010471174670927494	0.020914166267667005
850.5420493435743	0.002043647579380778	0.040817966001610674
850.9716113882886	0.00394233244339653	0.07874059656263961
851.4011452732718	0.005169803849166832	0.10325701080676128
851.8306509986828	0.005632734845544515	0.11250317981753095
852.2601285646805	0.0050246957529809875	0.10035875168679792
852.6895779714238	0.004187210835781023	0.08363157820091675
853.1189992190716	0.0034055140348913503	0.06801866657313897
853.5483923077834	0.0018933363477347594	0.0378157841151289
853.9777572377174	0.0010983695431629893	0.021937829321569843
854.4070940090328	0.00024757471786352256	0.004944815654822055
854.8364026218889	0.00023532841521977296	0.004700218976511139
855.2656830764444	0.0008105129067519986	0.016188438738623755
855.6949353728581	0.0013695226788956667	0.02735359914558712
856.1241595112893	0.0012560101146324738	0.025086400875789144
856.5533554918968	0.0013492151905964557	0.026947995566505234
856.9825233148395	0.000996753906567617	0.019908249627296728
857.4116629802764	0.0015924395015965603	0.031805940064998504
857.8407744883666	0.0011167926950573382	0.02230579685335995
858.2698578392689	0.0016700409395040148	0.03335588166749532
858.6989130331422	0.001224044032727043	0.02444793899222025
859.1279400701455	0.0014851558275709494	0.029663152068733455
859.5569389504379	0.0014473345508014598	0.028907743768252114
859.9859096741782	0.0015801025971648448	0.03155953378773923
860.4148522415254	0.003008876475254567	0.060096583279695165
860.8437666526386	0.0030540591977987865	0.06099902250342286
861.2726529076766	0.0028820289067604094	0.057563043581382776
861.7015110067983	0.0012551982822675528	0.02507018606340197
862.1303409501629	0.000535337325781245	0.010692328196877834
862.5591427379292	1e-09	0.0
862.987916370256	1e-09	0.0
863.4166618473026	1e-09	0.0
863.8453791692277	1e-09	0.0
864.2740683361905	1e-09	0.0
864.7027293483496	1e-09	0.0
865.1313622058642	1e-09	0.0
865.5599669088932	0.00011543980136985931	0.002305671204171382
865.9885434575958	0.000560373509946866	0.011192378511053012
866.4170918521306	0.0005194137700600926	0.010374285359819536
866.8456120926567	0.000823438705443248	0.016446607062269494
867.274104179333	0.0017329191865477298	0.03461175544526413
867.7025681123185	0.002650827648746183	0.052945236772529485
868.1310038917723	0.003327790941323001	0.06646629512945512
868.5594115178532	0.0023895062884388583	0.04772583802318653
868.9877909907201	0.0010633754607679703	0.02123888886881786
869.4161423105321	1e-09	0.0
869.8444654774481	1e-09	0.0
870.2727604916272	1e-09	0.0
870.701027353228	1e-09	0.0
871.1292660624098	0.0006884867118650124	0.013751196837574451
871.5574766193315	0.0015892328223204256	0.03174189272580007
871.9856590241519	0.001703880387077205	0.0340317604786811
872.41381327703	0.0008160721349343051	0.01629947378217289
872.841939378125	1e-09	0.0
873.2700373275956	1e-09	0.0
873.6981071256008	1e-09	0.0
874.1261487722996	1e-09	0.0
874.5541622678509	1e-09	0.0
874.9821476124139	1e-09	0.0
875.4101048061472	1e-09	0.0
875.8380338492099	1e-09	0.0
876.265934741761	1e-09	0.0
876.6938074839596	1e-09	0.0
877.1216520759643	1e-09	0.0
877.5494685179343	9.527051120708105e-05	0.0019028278708635492
877.9772568100286	0.0016644504209880897	0.033244221658853546
878.405016952406	0.0022377178563109013	0.04469415185760988
878.8327489452256	0.002410506750646436	0.04814528244232222
879.2604527886463	0.002764832014672122	0.05522225784816485
879.688128482827	0.0025755975142264373	0.05144265745959661
880.1157760279267	0.0028412327476913515	0.05674821764686055
880.5433954241045	0.0032773890093090252	0.06545961209134131
880.9709866715191	0.003472822256259165	0.06936302068952087
881.3985497703296	0.0028425155911026108	0.05677384001193799
881.8260847206949	0.003358551909068774	0.06708068714238528
882.2535915227742	0.003826476277073728	0.07642658928478926
882.681070176726	0.0037981100796294284	0.07586002826853604
883.1085206827096	0.0034012962646887577	0.06793442460954847
883.5359430408839	0.003400403813239596	0.06791659958379426
883.963337251408	0.003256411592297483	0.06504062795630648
884.3907033144405	0.002713044773383658	0.05418790588361419
884.8180412301406	0.002503357670207847	0.049999803530319895
885.2453509986672	0.003220269231990703	0.06431875282921522
885.6726326201792	0.003698219571279693	0.07386490474040695
886.0998860948358	0.0034522994756477333	0.06895311705466158
886.5271114227958	0.0029963415757358947	0.0598462224259404
886.9543086042179	0.002225489218564106	0.04444990800212585
887.3814776392616	0.002025700439378154	0.04045950590491665
887.8086185280854	0.0019276079532140403	0.03850029446118774
888.2357312708483	0.002044218795383141	0.04082937495832523
888.6628158677095	0.001959687855526401	0.03914102969160008
889.0898723188278	0.0025781203518151614	0.051493046357541636
889.5169006243624	0.00271647160495451	0.05425635034752667
889.9439007844718	0.0022769368051707515	0.045477476008337216
890.3708727993153	0.0016552374679244962	0.033060210387668806
890.7978166690517	0.00011203606539905567	0.0022376880310843706
891.2247323938402	0.0004704037727288984	0.009395403578112516
891.6516199738395	1.514656995632152e-05	0.00030250404634027525
892.0784794092086	1e-09	0.0
892.5053107001065	1e-09	0.0
892.9321138466923	1e-09	0.0
893.3588888491247	0.00040146033012139324	0.008018389017581302
893.7856357075628	0.0008690903427581608	0.017358411969555655
894.2123544221655	0.0011940466872856403	0.023848798887116194
894.639044993092	0.002043708965480174	0.040819192072568046
895.0657074205009	0.002549734095745144	0.0509260847082676
895.4923417045513	0.00379972165381059	0.07589221640752222
895.9189478454022	0.003952200279348757	0.07893768787797335
896.3455258432125	0.002350526969517652	0.04694730002618421
896.7720756981413	0.0017334751312615318	0.03462285938694157
897.1985974103474	0.0014250136641620302	0.02846192637440014
897.6250909799897	0.001266762720654852	0.025301163795894015
898.0515564072274	0.0014446157256408807	0.028853440390119844
898.4779936922192	0.0012093032912497976	0.02415352062726057
898.9044028351242	0.00027125475220205803	0.005417779447240695
899.3307838361014	0.00042234736135636904	0.008435567868085947
899.7571366953097	0.001095562279756145	0.02188175955713295
900.1834614129081	0.0017350296161679857	0.034653907275897435
900.6097579890554	0.002756912648929856	0.05506408353129246
901.0360264239108	0.0018926673429197894	0.037802422012274184
901.4622667176328	0.0010645449544248503	0.021262247287444278
901.8884788703812	0.00039060493379680146	0.007801573056063408
902.314662882314	0.0007935210425065555	0.015849058464131954
902.7408187535908	0.0006998222110869604	0.013977601944270028
903.1669464843704	0.0009035990758509288	0.018047658490138514
903.5930460748118	0.0017001458235645752	0.033957169652641325
904.019117525074	0.0017913280225855428	0.035778361211466374
904.4451608353156	0.000607881184420991	0.012141254241849862
904.8711760056956	1e-09	0.0
905.2971630363736	1e-09	0.0
905.7231219275078	1e-09	0.0
906.1490526792576	1e-09	0.0
906.5749552917816	1e-09	0.0
907.0008297652396	1e-09	0.0
907.4266760997892	0.0009201080209091995	0.01837739336940278
907.8524942955906	0.0028597366101450485	0.05711779721905954
908.278284352802	0.0042407343729658955	0.08470060938426356
908.704046271583	0.005191851980851043	0.10369738043748179
909.129780052092	0.005321272909951446	0.10628231813523077
909.555485694488	0.006397970308775871	0.1277873074336027
909.9811631989302	0.006161654156556014	0.12306734030999941
910.4068125655774	0.0062249931811443355	0.12433241724566245
910.8324337945886	0.005770197850582322	0.11524874273566163
911.2580268861228	0.0058103526286294414	0.11605075830022474
911.6835918403392	0.005440000701941149	0.10865368069164226
912.109128657396	0.005778824068789132	0.11542103509043596
912.5346373374532	0.006379911235606457	0.12742661168410913
912.9601178806688	0.006266498330090819	0.12516140390885677
913.3855702872024	0.006497484419274156	0.12977491312823816
913.8109945572126	0.006479954956213509	0.12942479533661258
914.2363906908586	0.006097436757772019	0.1217847195150324
914.6617586882992	0.005106149495024125	0.10198563576106293
915.0870985496932	0.004727687799395657	0.09442658089270332
915.5124102752	0.004615828659305772	0.09219240663614386
915.9376938649782	0.0032350608994158973	0.06461418834343786
916.362949319187	0.0030606338335329676	0.061130338387773125
916.7881766379852	0.002612066354856836	0.052171053412198555
917.2133758215316	0.0026863985640482686	0.05365569836901875
917.6385468699856	0.0033881045484774187	0.06767094508757532
918.063689783506	0.0032447268737969054	0.06480724785658322
918.4888045622514	0.0038661588703337163	0.077219173853415
918.9138912063812	0.003997914724918515	0.07985074726107581
919.338949716054	0.005123800693679161	0.10233818499039556
919.7639800914292	0.006142747149491952	0.122689708688505
920.1889823326652	0.006007441325260333	0.11998723136731398
920.6139564399216	0.006443793150825005	0.1287025318308786
921.0389024133566	0.006240118103327355	0.12463450889187583
921.46382025313	0.006772322843315196	0.13526428959950776
921.8887099594002	0.006723608493972719	0.13429131282587486
922.313571532326	0.0057195772551582305	0.114237692310481
922.7384049720672	0.005274088840453286	0.10533990580032641
923.163210278782	0.0046405606921841045	0.09268638210497683
923.5879874526294	0.00390919630457861	0.07807876501048133
924.0127364937686	0.0024107219519018314	0.04814958067941217
924.4374574023584	0.0018477814597999	0.03690591159328821
924.8621501785582	0.0021325257377968203	0.042593138717438576
925.2868148225264	0.000920879909147855	0.01839281037359537
925.711451334422	1e-09	0.0
926.1360597144044	1e-09	0.0
926.560639962632	1e-09	0.0
926.9851920792644	1e-09	0.0
927.40971606446	1e-09	0.0
927.8342119183776	1e-09	0.0
928.258679641177	1e-09	0.0
928.6831192330166	1e-09	0.0
929.1075306940552	1e-09	0.0
929.531914024452	1e-09	0.0
929.9562692243665	1e-09	0.0
930.3805962939564	1e-09	0.0
930.804895233382	1e-09	0.0
931.2291660428012	0.0006033162321106286	0.012050077973857477
931.6534087223736	1e-09	0.0
932.0776232722576	1e-09	0.0
932.5018096926128	1e-09	0.0
932.9259679835976	1e-09	0.0
933.3500981453716	1e-09	0.0
933.7742001780932	1e-09	0.0
934.1982740819216	1e-09	0.0
934.6223198570154	1e-09	0.0
935.046337503534	1e-09	0.0
935.4703270216364	1e-09	0.0
935.8942884114812	1e-09	0.0
936.3182216732276	1e-09	0.0
936.7421268070344	1e-09	0.0
937.1660038130608	1e-09	0.0
937.5898526914654	1e-09	0.0
938.0136734424074	1e-09	0.0
938.4374660660455	1e-09	0.0
938.8612305625394	1e-09	0.0
939.2849669320472	1e-09	0.0
939.7086751747285	1e-09	0.0
940.1323552907415	1e-09	0.0
940.5560072802458	1e-09	0.0
940.9796311434004	1e-09	0.0
941.4032268803636	0.0003609387575679635	0.007209047428137368
941.826794491295	0.0002911383841946326	0.005814917300160139
942.2503339763532	0.0008398997187816651	0.01677538459630043
942.6738453356976	0.0006561294211132693	0.013104921298968814
943.0973285694868	0.00021781576086260158	0.004350436906870911
943.5207836778796	0.00011055104405898189	0.002208027545175323
943.9442106610354	1e-09	0.0
944.3676095191128	1e-09	0.0
944.790980252271	1e-09	0.0
945.2143228606687	0.0016306471150909789	0.03256906470912871
945.637637344465	0.0017104530864054549	0.034163037686994004
946.0609237038192	0.002796949997591672	0.055863753666511154
946.4841819388896	0.0021440341838679265	0.042822998109566995
946.9074120498356	0.0019188901863955348	0.038326173596456056
947.330614036816	0.002338326512732777	0.04670361903198803
947.7537878999898	0.0010518637459207179	0.021008964189082987
948.176933639516	0.0007421020636164735	0.014822061842823371
948.6000512555536	1e-09	0.0
949.0231407482612	1e-09	0.0
949.4462021177984	1e-09	0.0
949.8692353643236	1e-09	0.0
950.292240487996	5.936499055634863e-05	0.0011856831668923774
950.7152174889744	3.4106368916641676e-05	0.0006811900858776066
951.1381663674182	1e-09	0.0
951.5610871234858	1e-09	0.0
951.9839797573362	1e-09	0.0
952.4068442691288	1e-09	0.0
952.8296806590224	1e-09	0.0
953.2524889271756	1e-09	0.0
953.6752690737476	1e-09	0.0
954.0980210988976	1e-09	0.0
954.520745002784	1e-09	0.0
954.9434407855666	1e-09	0.0
955.3661084474036	1e-09	0.0
955.788747988454	1e-09	0.0
956.2113594088772	1e-09	0.0
956.633942708832	1e-09	0.0
957.0564978884772	1e-09	0.0
957.479024947972	1e-09	0.0
957.9015238874748	1e-09	0.0
958.3239947071456	1e-09	0.0
958.7464374071424	1e-09	0.0
959.1688519876242	1e-09	0.0
959.5912384487503	1e-09	0.0
960.01359679068	1e-09	0.0
960.4359270135716	1e-09	0.0
960.8582291175844	1e-09	0.0
961.2805031028772	1e-09	0.0
961.7027489696088	1e-09	0.0
962.1249667179388	1e-09	0.0
962.5471563480256	1e-09	0.0
962.9693178600282	1e-09	0.0
963.391451254106	1e-09	0.0
963.8135565304171	1e-09	0.0
964.2356336891216	1e-09	0.0
964.6576827303774	0.00013333973795120584	0.0026631885020154023
965.079703654344	0.0012446288904022138	0.024859082498739714
965.5016964611802	0.0013358280617559498	0.026680613047735027
965.9236611510452	0.0014534555674547288	0.02902999947144916
966.3455977240976	0.0015429302895305157	0.030817087415392793
966.7675061804966	0.0010515594066221085	0.021002885588571076
967.1893865204012	0.0003681756140203204	0.007353589915870421
967.61123874397	1e-09	0.0
968.0330628513624	1e-09	0.0
968.454858842737	1e-09	0.0
968.8766267182532	1e-09	0.0
969.2983664780696	1e-09	0.0
969.7200781223452	1e-09	0.0
970.1417616512388	1e-09	0.0
970.5634170649098	1e-09	0.0
970.9850443635167	1e-09	0.0
971.406643547219	1e-09	0.0
971.8282146161752	1e-09	0.0
972.2497575705444	1e-09	0.0
972.6712724104856	1e-09	0.0
973.0927591361576	1e-09	0.0
973.5142177477192	1e-09	0.0
973.9356482453302	1e-09	0.0
974.3570506291486	1e-09	0.0
974.7784248993338	0.0005402087229949203	0.010789625120844203
975.1997710560448	0.0006823354561729	0.013628337166904808
975.6210890994404	0.0016871048574086073	0.033696701077226617
976.0423790296796	0.0012575202731454863	0.02511656342907165
976.4636408469214	0.001491593615324406	0.02979173467411026
976.8848745513249	0.0014601116107019552	0.0291629413165371
977.3060801430486	0.0017205243075522597	0.03436419123600419
977.7272576222518	0.0014264762608713053	0.02849113897082244
978.1484069890936	0.0015650493102868578	0.031258872920934974
978.5695282437327	0.0022242373130938005	0.044424903563765654
978.990621386328	0.002451511903211999	0.04896428262571947
979.4116864170388	0.0026759998886762646	0.05344800454266015
979.8327233360236	0.0028837288991181275	0.057596997705819185
980.253732143442	0.004141012629311186	0.0827088566109672
980.6747128394522	0.004888784151625162	0.09764417511600579
981.0956654242136	0.004469566781201509	0.08927110290974297
981.5165898978852	0.0041110874204397675	0.08211115729708938
981.9374862606256	0.004533528888550253	0.09054862474228186
982.3583545125942	0.004040534911142471	0.0807020046799583
982.77919465395	0.003996144791449997	0.07981539619554814
983.200006684851	0.003720804785150719	0.07431600156958863
983.6207906054576	0.004496626479775991	0.08981156908798092
984.0415464159274	0.004607750319768884	0.09203105711911237
984.4622741164206	0.005217317185581412	0.1042059996240846
984.8829737070952	0.005655215773260056	0.1129521937284664
985.3036451881104	0.005285920151110785	0.10557621380046928
985.7242885596256	0.0068867194543082875	0.13754914502672663
986.1449038217992	0.007781642427605279	0.15542353478993373
986.5654909747906	0.008025522011319893	0.16029456711860884
986.986050018758	0.007790661572562621	0.15560367511162473
987.4065809538616	0.007808833395469098	0.15596662282336096
987.827083780259	0.0063590555158856855	0.12701005822173916
988.2475584981104	0.005404955804135302	0.10795372529739673
988.668005107574	0.0038933240790612355	0.07776174739692979
989.0884236088089	0.0036740568348929132	0.07338229988969922
989.508814001974	0.0028093240029727603	0.05611090096489679
989.929176287228	0.0017190919321603446	0.03433558225310146
990.3495104647308	0.001908655512512613	0.03812175538892173
990.7698165346404	0.0016369132753799398	0.03269421938127997
991.1900944971164	0.0015464812066970112	0.03088801025383214
991.6103443523174	0.0018789709817303936	0.03752886316358914
992.0305661004024	0.0015324653423974986	0.03060806993624844
992.4507597415304	0.0012334195174144354	0.024635196524456848
992.8709252758604	0.0020910545854861966	0.04176483107259347
993.2910627035516	0.00222652541027431	0.04447060396708623
993.711172024762	0.0017937259419934736	0.035826255105574606
994.1312532396518	0.0034871410708534924	0.06964901186489901
994.5513063483788	0.003060803634219953	0.06113372983458117
994.9713313511032	0.003962627364514854	0.0791459491361086
995.391328247983	0.0032543432631296533	0.06499931700239477
995.8112970391776	0.003386890594037045	0.06764669864908902
996.2312377248456	0.003336667232182514	0.06664358221137012
996.6511503051464	0.002393011935039173	0.047795856667892045
997.0710347802388	0.0025071479828206373	0.05007550783894415
997.4908911502812	0.0024127966939998173	0.048191019719445866
997.9107194154336	0.0034187095424961693	0.06828222182100903
998.330519575854	0.0035165986279047943	0.07023737072026179
998.750291631702	0.0038994526918278345	0.07788415481808961
999.1700355831364	0.0040178023188106515	0.08024796424542789
999.589751430316	0.003029206796764915	0.06050264290888145
1000.0094391734	0.003683806746290149	0.07357703588561279
1000.4290988125472	0.0030389259818413873	0.060696765204789886
1000.8487303479166	0.0029433931431264533	0.058788677866183095
1001.2683337796666	0.0033955242692891127	0.06781913994420505
1001.6879091079572	0.0042278706157809496	0.08444368022208563
1002.1074563329468	0.0034088943588584217	0.06808618213583678
1002.5269754547944	0.004130737406840362	0.08250362852226308
1002.9464664736588	0.004082857217287076	0.08154731250898797
1003.3659293896992	0.00402411502376678	0.0803740485590647
1003.7853642030748	0.004090157894009693	0.08169312968562663
1004.2047709139435	0.0032461612311242218	0.06483589642488817
1004.6241495224656	0.0034642649895869843	0.06919210551092986
1005.043500028799	0.0036803431637147453	0.07350785739005831
1005.4628224331036	0.003306184203148496	0.06603474149728068
1005.8821167355376	0.003511007948760198	0.07012570750336683
1006.3013829362602	0.0026842688652146496	0.053613161672379804
1006.7206210354304	0.002720260912124081	0.05433203457432878
1007.1398310332072	0.0017115728202455364	0.03418540224761639
1007.5590129297498	0.0006677460783624784	0.01333694200422904
1007.9781667252164	1e-09	0.0
1008.3972924197668	1e-09	0.0
1008.816390013559	1e-09	0.0
1009.2354595067532	0.00045344695879617953	0.009056723367167688
1009.6545008995072	0.001605608834295159	0.03206897251874018
1010.0735141919808	0.003018528549477912	0.060289365163543635
1010.4924993843324	0.003429069185940775	0.06848913605861602
1010.9114564767212	0.004388816927810505	0.08765827767684592
1011.3303854693064	0.005602930285705045	0.11190789023933535
1011.7492863622462	0.006664367045027581	0.13310807719534745
1012.1681591557006	0.008008772835026884	0.15996003407587
1012.5870038498276	0.009841877153020859	0.1965728175601627
1013.0058204447864	0.009692721126218358	0.19359370870034973
1013.4246089407366	0.010185776989153255	0.20344156480875247
1013.8433693378364	0.011353811138079702	0.2267708325307898
1014.2621016362452	0.010765300548516986	0.21501644922463253
1014.6808058361216	0.011563963211518228	0.23096822178357385
1015.0994819376252	0.011868136679817174	0.2370435101494225
1015.518129940914	0.011314811941678478	0.2259918975188086
1015.9367498461476	0.0112984363592776	0.22566482630579185
1016.355341653485	0.010505899667827312	0.20983540841473516
1016.7739053630849	0.009323616216461666	0.18622153789083468
1017.1924409751064	0.008135145704278481	0.16248409255676483
1017.610948489708	0.007171195245967578	0.1432310096452893
1018.0294279070496	0.006685234624398112	0.1335248675317374
1018.4478792272891	0.004925934621729795	0.09838618532509695
1018.8663024505868	0.005400452088748127	0.10786377212084977
1019.2846975771	0.004472204513817285	0.08932378661803107
1019.7030646069892	0.0039161423377799005	0.07821749885512792
1020.121403540412	0.0029859566975258055	0.059638804171733874
1020.5397143775284	0.0035733175685630785	0.07137022403002473
1020.9579971184968	0.0031425869255360837	0.0627671960308024
1021.3762517634764	0.004575567936561104	0.09138827502710113
1021.7944783126264	0.0053579229797600224	0.10701433379708578
1022.2126767661048	0.005010375396926399	0.10007272972367343
1022.6308471240718	0.006282816633581831	0.12548733108424046
1023.0489893866854	0.00485445904807059	0.09695859624731666
1023.4671035541052	0.006273351553993705	0.12529828406371907
1023.8851896264896	0.00534959788119864	0.10684805573635497
1024.3032476039982	0.004131975437982128	0.08252835584721417
1024.7212774867894	0.004083836169219655	0.0815668652179076
1025.139279275022	0.00385006337652057	0.07689769687893576
1025.557252968856	0.002920460556131609	0.05833064291741609
1025.975198568449	0.0027828107571859777	0.055581349145107505
1026.3931160739612	0.0015308931369496348	0.030576668113073174
1026.8110054855508	0.0007672914201716086	0.015325171485089153
1027.2288668033768	0.0020572617084188326	0.04108988241897146
1027.6467000275984	0.001485552799933062	0.029671080839071624
1028.064505158375	0.0008752728201708693	0.0174818952349029
1028.4822821958642	1e-09	0.0
1028.9000311402258	1e-09	0.0
1029.3177519916192	1e-09	0.0
1029.7354447502023	0.00044717357554818234	0.008931424430103233
1030.1531094161355	1e-09	0.0
1030.5707459895766	0.0011144811263004795	0.02225962764980009
1030.9883544706847	0.0016582038762427414	0.03311945876999806
1031.405934859619	0.0014383432848938595	0.028728160277725553
1031.8234871565385	0.0015719592556672636	0.031396885979776024
1032.2410113616022	0.001633368733016927	0.0326234238674546
1032.6585074749682	0.0027015196269501857	0.05395771293340868
1033.075975496797	0.001933424141427111	0.038616461794196956
1033.4934154272464	0.0022673875153327487	0.04528674704772348
1033.9108272664755	0.0016987489550966811	0.03392926985323056
1034.3282110146438	0.0013285871409511782	0.026535989382267842
1034.7455666719095	0.001282132716029221	0.025608150314485698
1035.1628942384325	0.0013361285859438859	0.026686615448644067
1035.5801937143706	0.0013874225026141824	0.027711114189210066
1035.997465099884	0.0010662900326255747	0.02129710191611931
1036.4147083951304	0.000785677061439274	0.015692389813225304
1036.83192360027	0.0016248133050157652	0.032452545412831366
1037.249110715461	0.0024833849182535708	0.049600885675122414
1037.6662697408622	0.0016366006503210186	0.03268797528841429
1038.083400676633	0.0024976635217741033	0.049886073710535155
1038.5005035229324	0.0033487699308776047	0.06688531067305632
1038.917578279919	0.002844232447930704	0.056808130972197855
1039.334624947752	0.0025232735388160355	0.050397585248520844
1039.7516435265904	0.0031374642785114946	0.0626648808681918
1040.1686340165927	0.001668298546844382	0.03332108067741225
1040.5855964179186	0.001615454300644841	0.03226561704367222
1041.002530730727	0.00031971797849065245	0.0063857405139607516
1041.4194369551758	0.00042219027246582976	0.008432430315312411
1041.836315091425	0.00037622521870123474	0.007514365508630458
1042.2531651396332	1e-09	0.0
1042.6699870999596	1e-09	0.0
1043.0867809725626	1e-09	0.0
1043.5035467576022	1e-09	0.0
1043.920284455236	1e-09	0.0
1044.336994065624	1e-09	0.0
1044.7536755889246	1e-09	0.0
1045.1703290252972	1e-09	0.0
1045.5869543749004	1e-09	0.0
1046.0035516378932	1e-09	0.0
1046.420120814435	1e-09	0.0
1046.836661904684	1e-09	0.0
1047.2531749087996	1e-09	0.0
1047.669659826941	1e-09	0.0
1048.0861166592665	1e-09	0.0
1048.5025454059355	1e-09	0.0
1048.918946067107	1e-09	0.0
1049.33531864294	1e-09	0.0
1049.7516631335932	1e-09	0.0
1050.1679795392256	1e-09	0.0
1050.584267859996	1e-09	0.0
1051.000528096064	1e-09	0.0
1051.4167602475882	1e-09	0.0
1051.8329643147272	1e-09	0.0
1052.2491402976402	1e-09	0.0
1052.6652881964865	1e-09	0.0
1053.0814080114246	1e-09	0.0
1053.4974997426134	1e-09	0.0
1053.9135633902124	1e-09	0.0
1054.3295989543803	1e-09	0.0
1054.745606435276	1e-09	0.0
1055.161585833058	1e-09	0.0
1055.5775371478862	1e-09	0.0
1055.9934603799193	1e-09	0.0
1056.4093555293157	1e-09	0.0
1056.8252225962349	1e-09	0.0
1057.241061580835	1e-09	0.0
1057.6568724832762	1e-09	0.0
1058.0726553037168	1e-09	0.0
1058.4884100423158	1e-09	0.0
1058.904136699232	1e-09	0.0
1059.319835274625	1e-09	0.0
1059.7355057686532	1e-09	0.0
1060.1511481814753	1e-09	0.0
1060.566762513251	1e-09	0.0
1060.9823487641386	1e-09	0.0
1061.3979069342977	1e-09	0.0
1061.8134370238863	1e-09	0.0
1062.2289390330643	1e-09	0.0
1062.6444129619906	1e-09	0.0
1063.0598588108237	1e-09	0.0
1063.4752765797227	1e-09	0.0
1063.8906662688464	1e-09	0.0
1064.306027878354	1e-09	0.0
1064.7213614084048	1e-09	0.0
1065.1366668591572	1e-09	0.0
1065.55194423077	1e-09	0.0
1065.9671935234028	1e-09	0.0
1066.3824147372145	1e-09	0.0
1066.797607872363	1e-09	0.0
1067.212772929009	1e-09	0.0
1067.6279099073097	1e-09	0.0
1068.0430188074254	1e-09	0.0
1068.4580996295144	1e-09	0.0
1068.8731523737358	1e-09	0.0
1069.2881770402482	1e-09	0.0
1069.7031736292113	1e-09	0.0
1070.1181421407837	1e-09	0.0
1070.533082575124	1e-09	0.0
1070.947994932392	1e-09	0.0
1071.3628792127458	1e-09	0.0
1071.777735416345	1e-09	0.0
1072.192563543348	1e-09	0.0
1072.6073635939138	1e-09	0.0
1073.022135568202	1e-09	0.0
1073.4368794663708	1e-09	0.0
1073.85159528858	1e-09	0.0
1074.2662830349875	1e-09	0.0
1074.6809427057533	1e-09	0.0
1075.0955743010354	1e-09	0.0
1075.5101778209932	1e-09	0.0
1075.9247532657862	1e-09	0.0
1076.3393006355725	1e-09	0.0
1076.7538199305118	1e-09	0.0
1077.168311150762	1e-09	0.0
1077.5827742964832	1e-09	0.0
1077.9972093678334	1e-09	0.0
1078.4116163649728	1e-09	0.0
1078.8259952880592	1e-09	0.0
1079.240346137252	1e-09	0.0
1079.65466891271	1e-09	0.0
1080.068963614592	1e-09	0.0
1080.4832302430582	1e-09	0.0
1080.8974687982657	1e-09	0.0
1081.3116792803748	1e-09	0.0
1081.7258616895435	1e-09	0.0
1082.1400160259318	1e-09	0.0
1082.554142289698	1e-09	0.0
1082.968240481001	1e-09	0.0
1083.3823105999998	1e-09	0.0
1083.7963526468538	1e-09	0.0
1084.210366621722	1e-09	0.0
1084.6243525247623	1e-09	0.0
1085.0383103561346	1e-09	0.0
1085.452240115998	1e-09	0.0
1085.8661418045108	1e-09	0.0
1086.280015421832	1e-09	0.0
1086.693860968121	0.00010074836486401189	0.002012237612541169
1087.1076784435372	1e-09	0.0
1087.521467848238	1e-09	0.0
1087.9352291823836	1e-09	0.0
1088.3489624461326	9.855680052083068e-05	0.001968465269635666
1088.7626676396444	1e-09	0.0
1089.1763447630772	0.002284996454360002	0.045638452221108516
1089.5899938165903	1e-09	0.0
1090.0036148003428	1e-09	0.0
1090.4172077144935	1e-09	0.0
1090.8307725592017	1e-09	0.0
1091.2443093346253	1e-09	0.0
1091.657818040925	1e-09	0.0
1092.0712986782578	1e-09	0.0
1092.484751246784	1e-09	0.0
1092.8981757466622	1e-09	0.0
1093.3115721780514	1e-09	0.0
1093.7249405411103	1e-09	0.0
1094.1382808359983	1e-09	0.0
1094.5515930628744	1e-09	0.0
1094.9648772218966	1e-09	0.0
1095.3781333132251	1e-09	0.0
1095.791361337018	1e-09	0.0
1096.2045612934346	1e-09	0.0
1096.617733182634	1e-09	0.0
1097.0308770047743	1e-09	0.0
1097.443992760016	1e-09	0.0
1097.8570804485166	1e-09	0.0
1098.2701400704364	1e-09	0.0
1098.6831716259326	1e-09	0.0
1099.096175115166	1e-09	0.0
1099.5091505382943	1e-09	0.0
1099.9220978954768	1e-09	0.0
